avg BBEon_1,avg BBEon_2,avg BBEon_3,avg BBEon_4,avg BBEon_5,avg BBEon_6,avg BBEon_7,avg BBEon_8,avg BBEon_9,avg BBEon_10,avg BBEon_11,avg BBEon_12,avg BBEon_13,avg BBEon_14,avg BBEon_15,avg BBEon_16,avg BBEon_17,avg BBEon_18,avg BBEon_19,avg BBEon_20,avg BBEon_21,avg BBEon_22,avg MFCCon_1,avg MFCCon_2,avg MFCCon_3,avg MFCCon_4,avg MFCCon_5,avg MFCCon_6,avg MFCCon_7,avg MFCCon_8,avg MFCCon_9,avg MFCCon_10,avg MFCCon_11,avg MFCCon_12,avg DMFCCon_1,avg DMFCCon_2,avg DMFCCon_3,avg DMFCCon_4,avg DMFCCon_5,avg DMFCCon_6,avg DMFCCon_7,avg DMFCCon_8,avg DMFCCon_9,avg DMFCCon_10,avg DMFCCon_11,avg DMFCCon_12,avg DDMFCCon_1,avg DDMFCCon_2,avg DDMFCCon_3,avg DDMFCCon_4,avg DDMFCCon_5,avg DDMFCCon_6,avg DDMFCCon_7,avg DDMFCCon_8,avg DDMFCCon_9,avg DDMFCCon_10,avg DDMFCCon_11,avg DDMFCCon_12,avg BBEoff_1,avg BBEoff_2,avg BBEoff_3,avg BBEoff_4,avg BBEoff_5,avg BBEoff_6,avg BBEoff_7,avg BBEoff_8,avg BBEoff_9,avg BBEoff_10,avg BBEoff_11,avg BBEoff_12,avg BBEoff_13,avg BBEoff_14,avg BBEoff_15,avg BBEoff_16,avg BBEoff_17,avg BBEoff_18,avg BBEoff_19,avg BBEoff_20,avg BBEoff_21,avg BBEoff_22,avg MFCCoff_1,avg MFCCoff_2,avg MFCCoff_3,avg MFCCoff_4,avg MFCCoff_5,avg MFCCoff_6,avg MFCCoff_7,avg MFCCoff_8,avg MFCCoff_9,avg MFCCoff_10,avg MFCCoff_11,avg MFCCoff_12,avg DMFCCoff_1,avg DMFCCoff_2,avg DMFCCoff_3,avg DMFCCoff_4,avg DMFCCoff_5,avg DMFCCoff_6,avg DMFCCoff_7,avg DMFCCoff_8,avg DMFCCoff_9,avg DMFCCoff_10,avg DMFCCoff_11,avg DMFCCoff_12,avg DDMFCCoff_1,avg DDMFCCoff_2,avg DDMFCCoff_3,avg DDMFCCoff_4,avg DDMFCCoff_5,avg DDMFCCoff_6,avg DDMFCCoff_7,avg DDMFCCoff_8,avg DDMFCCoff_9,avg DDMFCCoff_10,avg DDMFCCoff_11,avg DDMFCCoff_12,avg F1,avg DF1,avg DDF1,avg F2,avg DF2,avg DDF2,std BBEon_1,std BBEon_2,std BBEon_3,std BBEon_4,std BBEon_5,std BBEon_6,std BBEon_7,std BBEon_8,std BBEon_9,std BBEon_10,std BBEon_11,std BBEon_12,std BBEon_13,std BBEon_14,std BBEon_15,std BBEon_16,std BBEon_17,std BBEon_18,std BBEon_19,std BBEon_20,std BBEon_21,std BBEon_22,std MFCCon_1,std MFCCon_2,std MFCCon_3,std MFCCon_4,std MFCCon_5,std MFCCon_6,std MFCCon_7,std MFCCon_8,std MFCCon_9,std MFCCon_10,std MFCCon_11,std MFCCon_12,std DMFCCon_1,std DMFCCon_2,std DMFCCon_3,std DMFCCon_4,std DMFCCon_5,std DMFCCon_6,std DMFCCon_7,std DMFCCon_8,std DMFCCon_9,std DMFCCon_10,std DMFCCon_11,std DMFCCon_12,std DDMFCCon_1,std DDMFCCon_2,std DDMFCCon_3,std DDMFCCon_4,std DDMFCCon_5,std DDMFCCon_6,std DDMFCCon_7,std DDMFCCon_8,std DDMFCCon_9,std DDMFCCon_10,std DDMFCCon_11,std DDMFCCon_12,std BBEoff_1,std BBEoff_2,std BBEoff_3,std BBEoff_4,std BBEoff_5,std BBEoff_6,std BBEoff_7,std BBEoff_8,std BBEoff_9,std BBEoff_10,std BBEoff_11,std BBEoff_12,std BBEoff_13,std BBEoff_14,std BBEoff_15,std BBEoff_16,std BBEoff_17,std BBEoff_18,std BBEoff_19,std BBEoff_20,std BBEoff_21,std BBEoff_22,std MFCCoff_1,std MFCCoff_2,std MFCCoff_3,std MFCCoff_4,std MFCCoff_5,std MFCCoff_6,std MFCCoff_7,std MFCCoff_8,std MFCCoff_9,std MFCCoff_10,std MFCCoff_11,std MFCCoff_12,std DMFCCoff_1,std DMFCCoff_2,std DMFCCoff_3,std DMFCCoff_4,std DMFCCoff_5,std DMFCCoff_6,std DMFCCoff_7,std DMFCCoff_8,std DMFCCoff_9,std DMFCCoff_10,std DMFCCoff_11,std DMFCCoff_12,std DDMFCCoff_1,std DDMFCCoff_2,std DDMFCCoff_3,std DDMFCCoff_4,std DDMFCCoff_5,std DDMFCCoff_6,std DDMFCCoff_7,std DDMFCCoff_8,std DDMFCCoff_9,std DDMFCCoff_10,std DDMFCCoff_11,std DDMFCCoff_12,std F1,std DF1,std DDF1,std F2,std DF2,std DDF2,skewness BBEon_1,skewness BBEon_2,skewness BBEon_3,skewness BBEon_4,skewness BBEon_5,skewness BBEon_6,skewness BBEon_7,skewness BBEon_8,skewness BBEon_9,skewness BBEon_10,skewness BBEon_11,skewness BBEon_12,skewness BBEon_13,skewness BBEon_14,skewness BBEon_15,skewness BBEon_16,skewness BBEon_17,skewness BBEon_18,skewness BBEon_19,skewness BBEon_20,skewness BBEon_21,skewness BBEon_22,skewness MFCCon_1,skewness MFCCon_2,skewness MFCCon_3,skewness MFCCon_4,skewness MFCCon_5,skewness MFCCon_6,skewness MFCCon_7,skewness MFCCon_8,skewness MFCCon_9,skewness MFCCon_10,skewness MFCCon_11,skewness MFCCon_12,skewness DMFCCon_1,skewness DMFCCon_2,skewness DMFCCon_3,skewness DMFCCon_4,skewness DMFCCon_5,skewness DMFCCon_6,skewness DMFCCon_7,skewness DMFCCon_8,skewness DMFCCon_9,skewness DMFCCon_10,skewness DMFCCon_11,skewness DMFCCon_12,skewness DDMFCCon_1,skewness DDMFCCon_2,skewness DDMFCCon_3,skewness DDMFCCon_4,skewness DDMFCCon_5,skewness DDMFCCon_6,skewness DDMFCCon_7,skewness DDMFCCon_8,skewness DDMFCCon_9,skewness DDMFCCon_10,skewness DDMFCCon_11,skewness DDMFCCon_12,skewness BBEoff_1,skewness BBEoff_2,skewness BBEoff_3,skewness BBEoff_4,skewness BBEoff_5,skewness BBEoff_6,skewness BBEoff_7,skewness BBEoff_8,skewness BBEoff_9,skewness BBEoff_10,skewness BBEoff_11,skewness BBEoff_12,skewness BBEoff_13,skewness BBEoff_14,skewness BBEoff_15,skewness BBEoff_16,skewness BBEoff_17,skewness BBEoff_18,skewness BBEoff_19,skewness BBEoff_20,skewness BBEoff_21,skewness BBEoff_22,skewness MFCCoff_1,skewness MFCCoff_2,skewness MFCCoff_3,skewness MFCCoff_4,skewness MFCCoff_5,skewness MFCCoff_6,skewness MFCCoff_7,skewness MFCCoff_8,skewness MFCCoff_9,skewness MFCCoff_10,skewness MFCCoff_11,skewness MFCCoff_12,skewness DMFCCoff_1,skewness DMFCCoff_2,skewness DMFCCoff_3,skewness DMFCCoff_4,skewness DMFCCoff_5,skewness DMFCCoff_6,skewness DMFCCoff_7,skewness DMFCCoff_8,skewness DMFCCoff_9,skewness DMFCCoff_10,skewness DMFCCoff_11,skewness DMFCCoff_12,skewness DDMFCCoff_1,skewness DDMFCCoff_2,skewness DDMFCCoff_3,skewness DDMFCCoff_4,skewness DDMFCCoff_5,skewness DDMFCCoff_6,skewness DDMFCCoff_7,skewness DDMFCCoff_8,skewness DDMFCCoff_9,skewness DDMFCCoff_10,skewness DDMFCCoff_11,skewness DDMFCCoff_12,skewness F1,skewness DF1,skewness DDF1,skewness F2,skewness DF2,skewness DDF2,kurtosis BBEon_1,kurtosis BBEon_2,kurtosis BBEon_3,kurtosis BBEon_4,kurtosis BBEon_5,kurtosis BBEon_6,kurtosis BBEon_7,kurtosis BBEon_8,kurtosis BBEon_9,kurtosis BBEon_10,kurtosis BBEon_11,kurtosis BBEon_12,kurtosis BBEon_13,kurtosis BBEon_14,kurtosis BBEon_15,kurtosis BBEon_16,kurtosis BBEon_17,kurtosis BBEon_18,kurtosis BBEon_19,kurtosis BBEon_20,kurtosis BBEon_21,kurtosis BBEon_22,kurtosis MFCCon_1,kurtosis MFCCon_2,kurtosis MFCCon_3,kurtosis MFCCon_4,kurtosis MFCCon_5,kurtosis MFCCon_6,kurtosis MFCCon_7,kurtosis MFCCon_8,kurtosis MFCCon_9,kurtosis MFCCon_10,kurtosis MFCCon_11,kurtosis MFCCon_12,kurtosis DMFCCon_1,kurtosis DMFCCon_2,kurtosis DMFCCon_3,kurtosis DMFCCon_4,kurtosis DMFCCon_5,kurtosis DMFCCon_6,kurtosis DMFCCon_7,kurtosis DMFCCon_8,kurtosis DMFCCon_9,kurtosis DMFCCon_10,kurtosis DMFCCon_11,kurtosis DMFCCon_12,kurtosis DDMFCCon_1,kurtosis DDMFCCon_2,kurtosis DDMFCCon_3,kurtosis DDMFCCon_4,kurtosis DDMFCCon_5,kurtosis DDMFCCon_6,kurtosis DDMFCCon_7,kurtosis DDMFCCon_8,kurtosis DDMFCCon_9,kurtosis DDMFCCon_10,kurtosis DDMFCCon_11,kurtosis DDMFCCon_12,kurtosis BBEoff_1,kurtosis BBEoff_2,kurtosis BBEoff_3,kurtosis BBEoff_4,kurtosis BBEoff_5,kurtosis BBEoff_6,kurtosis BBEoff_7,kurtosis BBEoff_8,kurtosis BBEoff_9,kurtosis BBEoff_10,kurtosis BBEoff_11,kurtosis BBEoff_12,kurtosis BBEoff_13,kurtosis BBEoff_14,kurtosis BBEoff_15,kurtosis BBEoff_16,kurtosis BBEoff_17,kurtosis BBEoff_18,kurtosis BBEoff_19,kurtosis BBEoff_20,kurtosis BBEoff_21,kurtosis BBEoff_22,kurtosis MFCCoff_1,kurtosis MFCCoff_2,kurtosis MFCCoff_3,kurtosis MFCCoff_4,kurtosis MFCCoff_5,kurtosis MFCCoff_6,kurtosis MFCCoff_7,kurtosis MFCCoff_8,kurtosis MFCCoff_9,kurtosis MFCCoff_10,kurtosis MFCCoff_11,kurtosis MFCCoff_12,kurtosis DMFCCoff_1,kurtosis DMFCCoff_2,kurtosis DMFCCoff_3,kurtosis DMFCCoff_4,kurtosis DMFCCoff_5,kurtosis DMFCCoff_6,kurtosis DMFCCoff_7,kurtosis DMFCCoff_8,kurtosis DMFCCoff_9,kurtosis DMFCCoff_10,kurtosis DMFCCoff_11,kurtosis DMFCCoff_12,kurtosis DDMFCCoff_1,kurtosis DDMFCCoff_2,kurtosis DDMFCCoff_3,kurtosis DDMFCCoff_4,kurtosis DDMFCCoff_5,kurtosis DDMFCCoff_6,kurtosis DDMFCCoff_7,kurtosis DDMFCCoff_8,kurtosis DDMFCCoff_9,kurtosis DDMFCCoff_10,kurtosis DDMFCCoff_11,kurtosis DDMFCCoff_12,kurtosis F1,kurtosis DF1,kurtosis DDF1,kurtosis F2,kurtosis DF2,kurtosis DDF2,id
-1.1686267974386926,0.1354349572324127,-0.6228257125605198,-1.573817112061126,-2.3774217213528566,-2.7638077932936134,-3.2229642167539807,-3.576044690768819,-3.6139961001682224,-3.192011552774618,-3.7330174039862487,-2.7303130810150846,-2.295555815725192,-2.6095146556124047,-1.4106902628360816,-1.4143220867453465,-1.0313892431951635,-2.3016071114390395,-2.3043124859617543,-1.770070580951599,-2.148210346930721,-4.945106852718081,-12.454375541486582,2.618441433373303,8.25858286656326,-1.400675693632295,-13.024751388048102,2.830376542839469,-3.8897756498875555,-0.942798490969893,6.099073304650575,-7.43474909914756,3.1915128825732904,-0.39907575959751496,9.329571383401614,-4.872742953982865,-0.00952327911094919,1.459637677697023,-5.83550924064708,-11.196016285347458,0.8919446237062423,0.5922972244922211,0.09953032760550817,2.5732640889576626,-0.33388157383255046,-1.535964122688838,12.507348888437816,3.5079302635155187,-9.781619804549132,-10.61597179041765,5.649042497488468,-25.197412716759736,-5.873879182332026,9.230105649302097,0.6865179081920543,6.051885559286436,6.075303994359979,3.2410102837137194,-1.1546270274865231,0.16024472123864866,-1.0160978228056374,-1.3619790564163354,-2.896623794451674,-3.058964885557853,-3.614986683673049,-3.854719201423716,-4.346845406577921,-4.253342989039422,-4.064819188500569,-4.275479787155698,-4.176944212125924,-4.046288567951579,-4.188346801810554,-4.4557920103274755,-4.25207748658213,-4.791812425983218,-5.233991334603078,-5.415087020708564,-5.786767860667741,-6.497483536182348,-1.3917147388454574,0.4169724462859999,2.895880087866186,-0.6625252117311561,-0.2254971486129623,-0.16833363586310904,-1.0972135506690737,0.09718829392580686,-1.3071836061035602,-3.8991777212780576,2.592279137245391,-1.8525797153079946,0.9518873231287717,0.1539886825447417,-2.399674308621937,0.06335272960565615,0.32661552039558406,1.515571103926381,-0.6847279837892739,0.13783269314704158,1.8198419077828074,2.7016256733559354,-2.8508760945874507,1.9914055927545173,-1.408121016408347,-0.48858983849984194,2.704694016903191,-0.28751277346576587,-0.4618843200096521,-1.7606963313465953,1.1667147815161942,0.2671728543828107,-1.777563838837918,-2.894551301881827,3.976660077515626,-2.1701446818076238,524.1999807167082,-1.1205210549678657,-0.17460590194035652,1725.7213839938377,-7.8109827772629075,0.15114041868727848,0.5201622662785537,0.8894808373273133,0.8658421437220435,0.9813118884676363,1.2358477044147127,1.2867092200151846,0.746851745528452,0.7753639978982589,0.7335892685753104,0.5896534205420505,0.6230007153640508,0.5699974379018026,0.21493220217881112,0.5119684309288729,0.9167266137123355,0.32490983301190735,0.49196008758302473,0.6634214698785375,0.7297016363728639,0.7820731318379698,0.9259864175078474,0.26304149892469864,8.16811076549441,4.063585318142123,2.30556301047522,2.7715355035789617,4.947219748452213,10.901373449554958,1.5643464945418226,2.2286598155614703,0.18107430513274428,2.5395272491037577,1.4576815969969636,1.468453023751821,6.253674444218909,1.7539651317577594,4.890809902274566,5.307985895208825,2.824521248744234,12.598706358379868,2.936939591166013,4.615052824651048,0.34325895409602714,3.025942779643218,3.0376519971799896,1.6205051418568597,0.0,0.0,0.0,0.0,0.0,0.0,0.0,0.0,0.0,0.0,0.0,0.0,0.7518727920865694,1.0028805977606214,1.5498410257700994,1.6577383117899673,1.6204338868778563,1.4739819349265064,0.9701425098896473,0.8636154197189843,0.9702967698053002,0.8344285743666452,0.8035507211441362,0.8848422519497272,0.8854807803016974,0.8319745492551485,0.6013788380086648,1.0692262812753366,1.18345096290951,0.7710998563010861,0.679596298415502,0.7124067871986524,0.7236337775052937,1.2186928635736682,2.299261690630469,0.9407035130455033,4.333071984976215,1.748152079447137,0.634054358981082,4.242477755237587,3.7158693881647777,1.4543110780423574,3.8085344302420077,5.1362550967737945,5.389952544734525,3.6558934762424715,3.888542819722007,1.332167445099022,4.795368483870754,3.156989717144783,0.7624253724761471,5.420452526473279,5.52802761828135,2.575029411926916,3.7926761691785464,6.280140884599426,6.961185374887846,3.3906452258204354,7.556126176892447,1.8336857892434975,7.613494777949988,6.28762008198791,0.886473477889306,7.99531516481935,9.282718123207756,5.106873516458544,4.280961866184814,11.568298122538796,10.286139903795258,3.0228714384356743,420.57383266022777,403.2824461610215,639.700521751121,537.9946173401822,467.5887861591925,712.3521794361355,0.2308534288822969,0.39080603595866265,0.15906882096021255,0.07846481778728685,0.5708413473767127,0.6365478328905779,-0.1881555341726702,0.6603093601667147,-0.6741891948027026,-0.6723981305127619,0.17960290751855376,-0.11578852486011343,0.5766683953622943,-0.5478928422194878,-0.4503873835815047,-0.585984374588555,-0.6967585383048767,-0.25103359038289513,-0.2864263631728327,-0.5437146893945887,-0.7064141769615843,-0.015151672348285239,0.6326465358663602,0.4078034131207728,0.7070705882990588,0.16621461033742535,0.5157897065432835,-0.6983366246849974,0.08328298551216565,-0.5602496667653368,-0.12278557704729239,0.6902932057583456,-0.5974496614637199,0.705349419632063,-4.0673583106072524e-16,0.0,0.0,0.0,0.0,-1.7055072884163622e-16,0.0,0.0,0.0,0.0,0.0,0.0,0.0,0.0,0.0,0.0,0.0,0.0,0.0,0.0,0.0,0.0,0.0,0.0,0.37699363247143375,0.2963360155371114,-0.09807548254677957,0.2347677471847069,0.35634200764431934,0.3386481907787337,-0.16250755057876717,-0.07771126844774459,0.6806097389647824,0.32289119609251216,-0.40316611401789343,-0.14698956850674394,-0.2911939492343385,0.5945214205218561,0.45577633495631015,1.0084954981235401,0.5740664160903874,0.3548760628677479,0.41611148282462884,0.5951517241093669,0.9219129709916221,0.488851419386152,-0.6511354787114619,0.6453123273985786,1.389953161476472,-1.6186158515592846,-1.7291241990844053,-0.04885988276493862,-1.1507105156854514,0.9946971566700149,-1.1234643712968477,-0.9453229066394743,1.5512346688942464,-1.7238629395251437,-0.35574294445178933,-0.42394388245559456,-0.7543854089388039,-0.43427911964553556,1.480483768709271,-0.31242085198322106,0.5464534738587764,0.7847976349872698,0.16820704686512924,0.11311315431537183,-1.046334881932705,1.4053908725255455,0.29465726811847076,0.055708741996445744,0.21914335411658908,0.7245248563143841,-1.150493267359295,-0.7200601996722933,0.7529479167380307,-0.6247781037625677,-0.5373952084204362,0.24538573680826864,0.6712633779200874,-1.0084047923404402,2.5635166239330305,0.7723309000209853,-1.1457009463988561,0.6353962991989165,-0.4006251842053174,-0.07662394470882843,-1.5,-1.5000000000000007,-1.5,-1.5,-1.5,-1.4999999999999993,-1.5000000000000002,-1.4999999999999984,-1.5000000000000004,-1.4999999999999993,-1.4999999999999993,-1.5000000000000007,-1.5000000000000013,-1.499999999999999,-1.4999999999999996,-1.4999999999999996,-1.5000000000000002,-1.4999999999999998,-1.4999999999999996,-1.4999999999999998,-1.5000000000000002,-1.5000000000000004,-1.4999999999999998,-1.5000000000000002,-1.5000000000000004,-1.4999999999999996,-1.4999999999999993,-1.5000000000000002,-1.4999999999999998,-1.4999999999999998,-1.5,-1.5,-1.4999999999999993,-1.5,-2.0000000000000004,-2.0,-2.0,-2.0,-2.0,-2.0,-2.0,-2.0,-2.0,-2.0,-2.0,-2.0,0.0,0.0,0.0,0.0,0.0,0.0,0.0,0.0,0.0,0.0,0.0,0.0,-0.6790283483290742,-1.4081633289070052,-1.5380323789151598,-1.605137599349426,-1.3548640320827647,-1.3157885584005924,-1.4668084648113204,-1.0437818905187817,-0.8948372480784648,-1.4438339590997893,-1.3274824412146602,-1.3732194724191802,-0.7869503984713933,-1.3073620867539435,-1.118887774779524,-0.4920916685317187,-1.1159706198207209,-1.5142249884820158,-1.4087978724254164,-1.488005193863903,-0.8300559379263639,-1.182149301216672,-1.4776878886808995,-0.8275284679071029,0.35089171484156445,0.9364632021341595,1.1019972128075608,-0.01111279621818495,0.38886858216435183,0.21250148960269133,0.26754018804829194,-0.7238258565890123,0.7435700685443085,1.0721637810025788,-1.0773999789272652,-0.7101351319748082,-0.7449779296657457,-0.5256552303685189,0.22487264873814006,-1.1775608062973637,-0.7716102710729844,-0.4051375455528441,-1.4541581802698926,-1.34361025246627,-0.2511035915585662,0.10738315849352054,-1.1414646695920376,-1.1567447613110295,-1.132677135782294,-1.0483511177352376,-0.6699919015292379,-0.8832133638672643,-0.9051639932466178,-1.049047963622911,-1.017578094260609,-1.2031598381282922,-0.9305686325863785,-0.7998991794656329,6.212889998959472,14.681482493822898,10.577260355788878,0.6677700834199851,6.46325688278111,3.852412911731017,AVPEPUDEA0004_luisa.wav
-2.1365858441221195,-2.0391152808885735,-2.140244530898188,-2.818266450304711,-3.887690715508278,-4.463026991722745,-5.146077824589318,-4.284372058063984,-4.187200052408294,-5.0407954362808844,-4.639902554532736,-5.001967787023339,-5.25588751404243,-4.9231324601262125,-4.499787452832964,-5.721323245409027,-5.247085521463351,-5.733893532762565,-5.822930555636774,-5.833179883720629,-6.100694238121886,-7.017839504680585,0.1061610229620657,0.15421530097149092,0.1760452959018344,0.1646466524086172,0.11789598031960273,0.03894185589906809,-0.06418274203868725,-0.1796721844024016,-0.29362222124132725,-0.3920207437301499,-0.46276244569687325,-0.49739065415048905,0.15924153444309855,0.23132295145723641,0.2640679438527517,0.24696997861292583,0.17684397047940414,0.058412783848602205,-0.09627411305803077,-0.2695082766036024,-0.4404333318619908,-0.5880311155952247,-0.6941436685453096,-0.7460859812257336,0.3184830688861971,0.46264590291447283,0.5281358877055033,0.49393995722585166,0.3536879409588083,0.11682556769720447,-0.19254822611606143,-0.5390165532072048,-0.8808666637239816,-1.1760622311904494,-1.3882873370906192,-1.492171962451467,-1.2149858839414651,-0.8280411581001575,-2.2668341997983767,-3.852004695131434,-4.208863818244542,-4.866493027284764,-4.902789132272265,-4.886467027095718,-4.982110203851286,-5.581049106744492,-5.284665673571054,-5.601878782842415,-5.649252539515106,-5.368593767508003,-5.446200647671382,-5.8764251091600075,-5.918193889590239,-5.8374333995684395,-5.946486264672264,-5.843218979032777,-6.095982057469528,-7.115625374807287,-5.562961595293026e-18,-1.4221464718549178e-17,-3.462093186641245e-17,-1.1046941560603199e-17,-3.083328874459161e-17,-4.846771587146019e-17,-7.707911577224836e-17,-3.1820472035381674e-18,-3.3406213876632175e-17,-5.155613722698385e-17,-9.367506770274758e-17,-1.7185379075661286e-17,-5.562961595293028e-19,-1.7776830898186473e-18,-3.623120776717581e-18,-1.5064011219004364e-18,0.0,-4.038976322621681e-18,-4.44687206378356e-18,4.773070805307251e-18,0.0,-5.155613722698385e-18,-5.204170427930421e-18,-5.155613722698386e-18,3.337776957175815e-18,5.33304926945594e-18,2.656955236259561e-17,3.012802243800873e-18,1.4230748651349973e-17,2.4233857935730098e-17,6.225620889296984e-17,-9.546141610614502e-18,2.004372832597931e-17,3.093368233619031e-17,9.367506770274758e-17,1.0311227445396771e-17,420.31425755472986,-5.587886116073786,-1.702725973425814,1667.4026490567892,-11.026841756668013,-0.4054421686724543,0.6137000434121495,1.4494715596880874,1.207231618623755,0.21762599622318562,0.4137523706059104,0.5940149443093546,0.753219387570182,0.4005475984824266,0.3809750131849726,0.27230550013964033,0.1479319458489953,0.05994045127294838,0.25401273601012325,0.10779101225983202,0.3052668946352614,0.3130132435604477,0.232479716493205,0.47009943355571243,0.1730977840646382,0.33227605806377053,0.23589033447789393,0.6297225865619386,0.15013435846835488,0.21809337015933122,0.24896564505635896,0.23284552883559528,0.16673009431725372,0.055072100756440874,0.09076810426140519,0.25409483996307597,0.4152445274935984,0.5544010525147652,0.6544449268614608,0.7034166088972471,0.15924153444309855,0.23132295145723641,0.26406794385275173,0.24696997861292583,0.17684397047940417,0.05841278384860223,0.09627411305803071,0.2695082766036024,0.44043333186199074,0.5880311155952247,0.6941436685453096,0.7460859812257336,0.0,0.0,0.0,0.0,0.0,0.0,0.0,0.0,0.0,0.0,0.0,0.0,0.37684935956452476,0.5001556853003206,0.22382975256271515,0.6685387931890234,0.3434827412083884,0.18486473979743123,0.1282080299205715,0.4100983051246278,0.5794181594924429,0.4690910949941613,0.3822928572263225,0.21428615942996715,0.19855371519285234,0.44814757435575686,0.39852875875471383,0.14734050593590542,0.12274906007366689,0.42625831912518186,0.1761549077232023,0.041674359590495424,0.10162049357395839,0.2900330564632944,9.084278244778008e-19,1.920117191509857e-18,6.926058534023282e-18,1.4202485979770954e-18,3.3542196242436273e-18,6.595620715737287e-18,1.5116458285121994e-17,4.5000943113550564e-18,4.724352073186952e-18,8.419081954334594e-18,2.2484586062492888e-17,4.860759232664599e-18,1.6688884785879075e-18,2.66652463472797e-18,1.3284776181297805e-17,1.5064011219004364e-18,7.115374325674987e-18,1.2116928967865049e-17,3.112810444648492e-17,4.773070805307251e-18,1.0021864162989654e-17,1.5466841168095155e-17,4.683753385137379e-17,5.155613722698386e-18,0.0,0.0,0.0,0.0,0.0,0.0,0.0,0.0,0.0,0.0,0.0,0.0,343.5788030602007,297.1917169673859,481.0287621607388,490.84367588513663,553.0937672268599,914.4505992519966,0.5439162027055058,0.6810278540748846,0.49876627522274264,0.4960863424312836,0.39638146447684763,-0.6801503100254565,0.4582605117013847,-0.7070668512366622,-0.2757754553547175,-0.7068063865740315,0.5403295027717828,-0.12831493377015818,-0.6496935270636646,-0.36277674543026195,-0.2719054385149325,0.7003259384966831,-0.25888931300162205,0.6645385963126768,0.4556663682813882,0.3286228330815995,0.36053110269672684,0.3985941556834923,0.7071067811865476,0.7071067811865475,0.7071067811865479,0.7071067811865477,0.707106781186547,0.7071067811865476,-0.7071067811865479,-0.7071067811865472,-0.7071067811865474,-0.7071067811865471,-0.7071067811865472,-0.7071067811865474,0.0,0.0,-2.8262101968852375e-16,0.0,-3.1366025024723853e-16,-1.359961358214859e-16,0.0,0.0,-1.624350350046927e-16,0.0,-2.48956456052006e-16,0.0,0.0,0.0,0.0,0.0,0.0,0.0,0.0,0.0,0.0,0.0,0.0,0.0,-0.5034916395144541,-0.7067424115689075,-0.13883454749831464,0.1332763889511009,0.03557889862652736,-0.7069473492312243,-0.26111709785418297,-0.3281519057338949,0.6393853034066252,-0.26761882863072606,-0.7026208684096886,0.5036238223257223,-0.06357954415665239,0.2780590934644495,-0.43558937153152416,-0.6704432160581408,0.5297239008557998,-0.6490589581310486,-0.660368407879984,0.5002643630747671,0.5086294212185379,-0.25988048949817044,1.1596340868159055e-15,0.595170064139499,-0.1728005440786499,0.7071067811865478,-0.7071067811865495,-4.2229775445398135e-15,-0.5280049792181886,-0.7071067811865474,-0.7071067811865515,0.0,-0.5951700641394974,0.7071067811865478,0.0,0.0,0.0,0.0,0.0,0.0,0.0,0.0,0.0,0.0,0.0,0.0,0.0,0.0,0.0,0.0,0.0,0.0,0.0,0.0,0.0,0.0,0.0,0.0,3.4124528044930074,-1.6240118797920604,-0.30762663218640346,0.5327676184587864,-0.7075173259415378,-0.2112296229959965,-1.4999999999999993,-1.4999999999999996,-1.5,-1.4999999999999976,-1.5000000000000002,-1.5000000000000009,-1.499999999999999,-1.499999999999998,-1.5000000000000022,-1.4999999999999998,-1.4999999999999998,-1.4999999999999951,-1.5000000000000033,-1.5000000000000042,-1.5000000000000033,-1.4999999999999976,-1.5,-1.5000000000000013,-1.4999999999999962,-1.499999999999999,-1.4999999999999998,-1.5000000000000004,-1.5,-1.5,-1.4999999999999996,-1.4999999999999998,-1.5000000000000007,-1.5000000000000002,-1.4999999999999996,-1.5000000000000007,-1.5000000000000004,-1.5000000000000004,-1.5000000000000004,-1.5000000000000002,-2.0,-2.0,-2.0,-2.0,-2.0,-2.0,-2.0,-2.0,-2.0,-2.0,-2.0,-2.0,0.0,0.0,0.0,0.0,0.0,0.0,0.0,0.0,0.0,0.0,0.0,0.0,-1.5000000000000002,-1.5,-1.5000000000000007,-1.5,-1.5000000000000002,-1.5,-1.4999999999999956,-1.500000000000003,-1.5000000000000027,-1.4999999999999996,-1.4999999999999976,-1.4999999999999942,-1.4999999999999998,-1.5000000000000009,-1.5,-1.4999999999999891,-1.5000000000000053,-1.4999999999999967,-1.499999999999987,-1.5,-1.500000000000012,-1.5000000000000033,-1.5000000000000002,-1.499999999999999,-1.5,-1.4999999999999996,-1.4999999999999984,-1.5,-1.4999999999999993,-1.5,-1.4999999999999964,-1.5,-1.5,-1.4999999999999998,-2.0,-2.0,-2.0,-2.0,-2.0,-2.0,-2.0,-2.0,-2.0,-2.0,-2.0,-2.0,0.0,0.0,0.0,0.0,0.0,0.0,0.0,0.0,0.0,0.0,0.0,0.0,12.414604251365095,20.15870058505722,13.679053117648028,0.8031413375388534,3.8034348862272562,1.7644887803722673,AVPEPUDEA0018_luisa.wav
-1.1251909873731738,-1.13156818673101,-1.5840489852009592,-2.2284450621349396,-2.7944059180526053,-3.4936900617156477,-4.055752281393053,-3.9473871657341824,-3.7032373877002334,-3.9129867818836264,-3.7412018384572985,-3.790571330089003,-3.6122206273489508,-3.8521402326709944,-3.9402302047471442,-4.182187003866622,-4.585554067733119,-4.442952856159154,-4.649914318790703,-4.8276097348830955,-5.01211483296279,-6.550815631683283,-2.2906947158440003,0.05692295643736367,2.400215848027887,0.009347639740580973,-2.377086840164148,-4.284924721999767,1.468591744155516,-1.1501675265937226,-1.5024524511794917,-1.5207425869715445,1.1897772789411523,1.0655863062165027,-0.0014874554951904706,-0.03243996570238935,-0.06327909471211388,0.10770326185151798,-0.30511078508869416,-0.8882235534480655,-0.2124597309103804,0.23956596283517384,0.6341808534834574,-0.32653532803384144,-0.04953850629334539,0.009049415896664317,0.12783887882057776,-0.19929366404176888,-0.19654782899854828,0.01539669530770399,-0.2873598286798389,-0.7931171487077778,-0.024314660413260025,0.29697659257325026,1.055582687210053,0.05409964962110436,0.1366463835819557,0.1012366896335476,-0.7381730782462823,-0.06443566533102002,-0.922711336858816,-1.8604650257284705,-2.7853005146432057,-3.4449066168921956,-4.296109835460128,-4.314931664758313,-4.214593331779992,-4.3377351130471995,-4.10493808109502,-4.241661649425996,-4.120307603449119,-4.243564435310337,-4.189439725431485,-4.254766315421273,-4.423323270146733,-4.554125478862346,-4.8484776338086855,-4.942331664020518,-5.0914038728921875,-6.470357818169242,-3.0743841818137403,1.3558922037779968,1.3319723498503164,-0.5754523783363177,-0.5214127984975814,0.4744683126423742,-1.8831360025802135,0.39562565847086806,-0.12386805601304883,-1.5711508919098085,0.30882081191367916,-0.48461864954625233,1.0520531801506756,-0.6558891506266983,-0.1862098817167198,0.18838439209871913,0.06663944659210688,-0.23705130484494105,0.11438515290677005,-0.09439337409931753,0.16516887636843566,0.15413247802403926,-0.15539304886697808,0.2728768901741347,0.07655176620728982,0.07977936151015724,-0.028875665167883535,0.037707624406723705,0.1535919821586184,-0.14203044912796403,0.21254970892143465,-0.22238711057142527,-0.03992850544380734,0.11781722250898163,-0.1885373897616406,-0.2778688094767291,888.0923501419873,-4.071500717875329,-0.6265213379940088,2080.319879521498,-5.755612124749623,0.9010825542755961,0.5787775226698554,1.0057752233323465,1.0875986249091492,1.14136211951581,1.30125126589169,1.256101956169669,1.0367736037122126,1.2940192279137608,1.0961388397579397,1.0562660299950541,0.9611241682350291,1.3102481997587645,1.7256138912108725,1.6581259073000247,1.5285508511614785,1.5458173650935219,1.3922597598577822,1.3872991457692714,1.4746559796649963,1.260089318225688,0.9810971619253419,0.555087108004163,5.638283162030051,2.0033170082305984,4.946374411727277,4.106757119677628,3.6129847427326727,5.705907414151703,5.183755268430011,5.209264462147494,5.055408823262691,4.071312872346382,3.170325526283551,3.51183629475788,6.818930277294337,2.0268493715555547,5.787939464392908,4.249803370137273,5.063343994975449,5.640037301126227,5.709494085199899,6.498422073257509,6.156116524853677,4.792017710127962,3.225002823307702,4.7479504417531375,11.23249772076183,3.1197433513647157,9.27309185373103,6.493384258679791,8.773808716587103,8.063539485428976,8.639643238998675,10.206059508771757,9.612525883659076,7.221559015464674,5.202866259837756,8.684694000814536,0.46004574453988145,0.9199348457873174,1.0716646658421751,1.344347728790917,1.531668478014589,1.1232827082663315,0.9895943192758093,0.8398654131894231,1.0424974695617766,1.2689647989694075,1.2556378971538533,1.5067902025280626,1.4306668133730518,1.3234689104255046,1.359452815030985,1.4012592349586033,1.4351418658279465,1.4026215758887617,1.2763368692513002,1.405246876019186,1.6101845127912542,0.686442672644253,6.843208073922241,4.321517564914498,2.0895993956438836,3.497430958534643,1.2575588871414785,4.107967474743668,2.9890541285176195,1.9636340211802263,1.611627325659806,2.267931367911655,2.730378378901846,1.5246610861751884,4.409927260240784,3.2567727216390323,2.5465978734572925,4.706108477526772,1.6109229985667053,4.955769003670628,3.3263304783453775,3.166090113480088,2.2997969995193843,2.4875451273317406,3.112522734035303,2.038701598611227,6.539602966217056,5.445739737207487,4.412874611803509,7.686634429814016,2.6153973358067617,7.945906279420874,5.21535010665933,5.76282843506499,3.9968604162662302,3.6940411062694105,4.884543399130323,3.5905100116580186,648.2975063833,470.16108560219544,766.2783868367422,571.0305116944645,476.7963006106545,783.4094620128312,-1.2142518790240406,-0.05836949963588846,0.6109463280277558,0.33851203000139635,-0.37500983489184936,0.08366469347733493,0.48124329823919854,0.35385085024105817,0.08906317812806124,-0.57615104338833,-0.6553517877437491,0.23143650440859767,0.49189629876401475,0.5038349985800475,0.8007851023587945,1.009677327787132,0.9271757510209608,0.619999421688727,1.2005058380837137,1.053479118510918,0.6796877000519128,0.7540035898070747,-1.7958390724300404,-0.47592416147351313,1.079620258439112,0.14996536671405106,-1.5447294299394847,-0.7912963858990696,0.8549860289870893,0.029209467266439977,-0.11649066258468713,0.6221825726458561,0.482754860563888,0.8606479293927414,-2.369159026712647,-1.1754698245044128,1.7803489129053796,1.2455573332438303,0.31284650906584877,-0.008328012549664853,2.082917528214489,0.5106980499348324,1.051163516839428,0.4897425789172539,0.10692129672636687,0.2638658523027404,-0.38010498145465205,0.5493881870635798,0.3059416328105572,-0.32615054663969195,1.1407798407954692,0.30913547419534,0.9421411333012685,0.18371526932139565,0.408377629501701,-1.5482045388204684,-0.3636989199020411,-0.14558225126829896,0.24453572590846026,0.2858154186208469,0.35865722700884883,0.2542663283129012,0.6903547395185655,1.0984113900105579,-0.28699388547251836,0.17293003383366845,0.5840050024281823,0.5397459730865433,0.7871491249276965,0.830726860299949,0.41941694539650415,0.44396806438423514,0.5341588049827909,0.5861378414525822,1.166287126364012,1.3504567897220772,1.6485251384568176,1.6201458107933893,1.650034229591386,0.7053947773597568,-1.743343648095468,1.2518655834942194,1.7056922855041854,0.6441919422043575,-0.43800946671098184,-0.9745245821723056,-1.5988952611780343,1.5791544782149498,0.6535179850524188,-1.1893050044138769,-0.9430282136885226,-1.5303706829032857,3.178573761443058,-1.195369449852404,-1.063518205162409,-0.0133058359837867,1.2761073545647919,-0.1517195870417811,1.614987455106408,0.21454210688929554,1.47424850546418,1.3755295530983358,-0.32140630414332694,0.9004609916358731,-0.20498489377761003,0.44345614862240873,-1.1423992165916412,-0.042015609988409156,-0.7509230974905167,0.013145075129618732,0.8319323708951676,-0.4662340670734309,-1.1548710959510107,0.4164802808349086,0.87001667816467,0.7271819099986597,0.3066921033968553,0.0840893274517668,-0.06761691259516958,-0.33708147495539287,-0.3360177827992558,0.17371017616384635,0.5289516515899773,-0.9156693964581555,-0.5639659233247487,-0.9422423463848411,-0.6783325921136591,-1.3597751508479892,-0.8702908708181276,-0.7808130235261341,-1.2921947204670243,-0.4469538272521194,-0.902041722749301,-0.5633010169867161,-1.1106781356020152,-1.3800328274410336,-0.4540081173431809,-0.4724359244191625,-0.29211631670963323,-0.8898438793917975,0.14270675008015088,-0.12110118098848233,-0.6874232618485236,-0.5088125703422555,2.6302422019801597,0.3920609196167897,0.20915031533115158,0.7852783918805875,1.666017427887768,-0.9623249223269905,0.5913607373601946,-0.4238548016740249,1.8883474105644869,0.3999172833201383,-0.06294808425166831,0.16488840103964364,6.624360090065867,0.3563983493194711,4.126141764944545,3.120404063443452,1.023122079633196,1.0942804976139415,5.6082889545961425,1.22481238290987,0.1908130529287,0.8890499399379959,-0.8861846686708081,-0.2773450139997897,3.2055241744932896,0.2526167089985263,1.0193134715426817,0.6512342497418424,0.8900656355370602,-0.2833412064391614,2.4629145932201126,-0.288192251696505,0.2033436161477029,2.190920814919515,-0.8050293731386944,-0.05682209461316434,-0.9958156094227997,-0.6071194495033172,-0.9876077304987545,-0.6634180412792703,0.0728510133189868,1.2062930234402192,-0.1173207444388158,-0.8115426153085616,0.5176518493342042,-0.7794593969817756,-0.6304900488487695,-0.34330539901836454,-1.4814196490452176,-1.2780122080616598,-1.2089554014277573,-0.9833643762613256,0.04143716877321557,0.41864542725443066,0.955973111719254,0.927621932730402,0.97989739678335,0.48530587043096673,1.1251296642944704,0.8919464553030565,2.489867735752804,3.2794643191740462,0.52646272062987,2.440671867842542,1.7184420048419735,2.253346695413101,1.9920812251869187,-0.12138697417657118,3.097187302101486,1.9617850404213923,9.681845599294565,3.2041304056682796,3.3077043672062842,0.6518559409491886,2.4418844770129056,1.0377882470423643,3.765666112267107,1.7663612461802316,4.316238499622552,1.844135827360513,0.9002928942536568,1.932303057733849,3.3443810143055828,0.7155523528367125,2.6309216459367653,1.5006169304368555,2.1600973807999546,0.9904880805356622,2.553438883163241,0.7665426153800654,3.1390300188762277,0.30093722478384866,2.0563568519089435,2.232573332041195,-1.5299479233602111,5.464244184902958,3.4610444655472694,-0.35627742993527267,3.3156913411299787,2.8256371225862082,AVPEPUDEA0019_luisa.wav
-2.2174636875876454,-1.2422460676493494,-1.5309918432386809,-2.342584933391758,-2.317048762558738,-2.7684843492503757,-3.58936169720351,-3.806762508795137,-3.8118392795635616,-3.859140017086712,-3.659756552094407,-3.23658917164305,-3.137809674875134,-3.197313097990302,-3.4334596382785585,-3.4099432704588377,-3.8078851066162867,-4.059300550724562,-4.352947542799722,-4.700078104505957,-4.462714147428714,-6.729653959648842,-3.36514637084578,-0.3455397623116043,1.3534532820617249,-0.3291313563949578,-6.231157538028039,-3.325485715594267,-2.1278853294020896,3.2933425741115063,-0.7776810454555836,0.4346839198636567,0.48018112571722066,-0.16888843131216824,0.1817466003893761,-0.4458788492368259,0.3665882695905595,0.48054656026048637,-0.9928864880699751,0.10107779166947951,0.17315509837710336,0.10643197212913456,-0.6200382556435053,0.23258695405484334,0.6153637528994278,-0.7071258868598652,-0.4856127729106508,0.06100565266328003,0.7687964577960885,0.3122027834133438,-0.7321198913471407,0.8334084260702318,-0.02137365247865058,-0.009624117768691388,-0.49503883862247533,-0.7583169761271797,1.9072768735634371,0.45440745971360613,-1.6657626633116414,-0.2918415051496978,-1.1421564675087417,-2.351116845211645,-2.9694261884417834,-3.7030875095159366,-4.216493552267803,-4.520841006721959,-4.421250830280362,-4.309518162458942,-4.295942519862452,-4.144820030157108,-3.8124651337653352,-3.6261812186761344,-3.6008151115473592,-3.739129282053943,-4.229729926313392,-4.482765256258859,-4.608804046478368,-4.590896654311591,-4.36397769544343,-6.378965935045479,-7.953996707251459,2.857103847760434,2.7256026438437875,1.6484294653172227,-5.068992244836713,2.462061132364287,-0.053027342844207945,0.6258711262770881,-2.0648606648409658,-1.3442286535294221,0.8508965908813884,-0.48844335303360153,0.10518227917427936,-0.20646924134644262,-0.1257034202287297,0.33489948019998106,-0.13788958045928232,0.19798570714246,0.061334282874807786,-0.1083307293612251,0.7563272829362832,-0.5672279135419505,-0.3209093499299686,0.29555850526900174,0.17625911089436297,-0.025379581274747015,-0.08299164499495482,-0.08746131573920835,-0.09241479839130462,-0.030789620499809933,0.10874893532991087,-0.5387334318988038,0.3594560266722572,0.23679435548901484,-0.14895903532160795,0.2449536998160034,826.3367984863642,-0.8569392751571432,0.06172887615269497,2027.3842364720624,-5.570536496667358,0.151193358661973,0.5000932093290692,1.5456326480494214,1.6590999725876483,1.8008748279974731,1.9993509109212233,1.7933617237071307,1.468646108079181,1.2307317969016567,1.3608540166449805,1.0610491716844361,1.3350877430564132,1.5785272387161677,1.5806023314781337,1.5399173983858452,1.2382585490164397,1.1883243801356633,1.1816559387484555,1.0128754251231997,1.3075078377679565,1.165399821527876,0.8737318964464853,0.847280287283668,3.0007259323977657,3.2000451965418923,3.8401679961539683,6.000152512745659,5.628675116594531,7.9688089837041955,6.1653573022751065,6.298570384788953,5.121996306565477,6.514503722624596,7.876111012663354,3.687722278060917,4.066865644014126,3.7895832896237662,4.160096177904656,8.855808712735545,8.466573211467928,9.378606727711087,8.325077564448648,7.946568788834772,7.508856781301329,8.578077903920999,8.636016778371795,4.015591585475084,6.882212557218718,5.036223937135714,6.3477472190812785,14.892933098301057,13.778601136728668,13.843727737008578,13.449022961177809,13.757987491798009,13.616770771557642,14.66152244144624,12.76926136395177,5.457929065724034,0.7321524841105961,1.1760712465086234,1.2580676046404935,1.8405369046592317,1.5588387647208861,1.2234918207835,0.9906224335351033,1.016867897754106,0.9752473345611964,1.1399950429940813,0.9636490616730782,1.085712688064008,1.5865348885127075,1.7429337461436945,1.7673738232392302,1.880113589320664,1.939526082917206,1.9198042572196194,1.7987816071972906,1.9349037513864968,2.1335371003700407,1.3367667606833118,9.206060515090918,3.708164508483888,3.4994964042086734,3.7956380511836896,6.3539722027982135,3.2807964826286296,1.696519769823183,2.341926026779829,3.8437572671457034,4.483470294019816,2.764275785280928,2.942864682165974,8.3268001999675,2.8002041926051473,3.255576709177901,3.5821551754413985,6.510060383461717,3.4161273014960676,2.1915556341831697,3.0613203062802135,3.4026521769781626,3.5038548424491984,2.874199703346027,2.850905212666862,12.211956438134733,3.8950131905283265,4.7486950554734415,5.319908007451649,8.9522135043384,4.8544019868525385,3.4895785824178924,4.549383239657897,5.616113926456021,5.577922825115153,4.6010106527630885,4.328408308898733,614.3944597506309,485.8529865580673,797.5036684038502,585.613043334136,507.30864108573473,828.1545287357383,-0.3092165326263399,-0.2622330596060113,0.12001126056567733,0.06861662041961883,0.023630536292357913,0.48514363061897114,1.192589070076267,0.829867001536196,0.24807975840253418,-0.25588769078879825,-0.06608371275721434,0.09726834997694397,0.31961103121831513,0.08386618801749746,-0.33385717088919037,-0.35183859121125977,-0.5109429993130634,-0.0610418856795975,0.34368099885954156,0.657618141691512,-0.6293921663408059,0.3325598507436712,-1.0251078771451168,0.122415418901552,0.2819095801813337,-0.8472890468630111,-1.0907335612426143,-0.5977740932209644,0.410825028102359,-0.9640099589975234,-0.4226258148938002,-0.4597038331773379,-0.6190011738244836,0.7085525348505146,-0.6363573656720403,-0.12434301889847627,0.5890005195493943,0.8662078513109147,0.34728984960516773,0.17440834758321094,1.0277555346407934,-0.6152016788088259,1.4502337243701664,-1.6728345210043052,0.17881453955728835,0.07006995593291335,1.3251332213478606,0.08395613115414456,0.017673481069658038,1.0653334154631995,0.929107089660293,-0.2815263604017386,-0.3572799587587471,0.4074474608432004,0.11250590113137993,-0.23524391506394687,-0.4892910221796236,0.4365423439027597,0.522627865792979,0.07156261665546831,-0.08158988114246173,0.2697033895262624,0.1769955379448274,0.22889295091775233,-0.06669247659008622,-0.0619563561297181,0.49044501262313134,0.3490837891147025,-0.5393102639126838,0.027478674715710204,0.3092617717094588,0.170199175566651,0.1255998085104732,0.32176656014761457,0.6023702587186316,0.7975424036904484,0.7371678263945748,0.7270923315616961,0.483965682545285,0.43420685867452735,-0.532770336478935,1.1850968179354402,0.36560370341445164,0.8421326263158242,-0.8872209800276342,1.684789236975527,0.4613255639523668,0.8832664114103838,-0.6605753179105803,-1.3140414954074264,0.332927176566546,-0.4644669203715277,1.4976931731976248,-2.309668271124018,-0.46915917207566754,0.48001428821240366,0.6594463146482576,0.4827395370761073,-0.2348010197160922,0.04819011260324515,-0.11128760186021702,-1.786112357260376,0.3301644744210684,-1.0994873467754853,0.3334813938955405,0.33863390075963035,-0.3172093767684632,-0.5091977210109144,0.21846998897188868,-1.3418017114744654,-1.2149090755077092,-0.13212451016279245,0.22303118084238638,-0.06129699238614896,0.44513876749700887,0.1511073613270713,0.6055610993726417,0.7366978907312425,-0.6069431636557018,-0.423142691768329,-0.47527215597677813,-0.04622736400077631,-1.3985859680055146,-1.0711377071037684,-1.161732573297218,-0.7245437551423133,-1.0128292121402895,0.0733743258701911,0.8412739156229754,0.34584241220077505,-0.3393681485510678,-0.9035113709682663,0.48926697800509267,-0.6151046400562366,-0.05622476247095287,-0.24290015851733315,-0.4427947861104995,-0.3504282434620203,-0.31021427196972073,-0.369516770604847,-1.2102237081282659,-0.508989143702975,-0.43101688290514995,-0.9127348682379726,0.4446814140156934,-1.1866556598523028,-0.731654012384404,1.2471650737450872,-0.08168801691613226,-0.6285600190615943,-0.6309447830685184,1.3781601265336816,-0.16529050834017012,-0.3604121871083894,0.030851750129753164,0.18215016484341984,1.3130842211410894,-0.1460412837613667,-0.414701575381494,1.921106501239696,-0.7505489991109058,-0.1268689410339472,0.4059414597922717,-0.05026992917552864,2.1695961429485644,2.998724738704083,-0.9790701284869834,-1.185678122093649,1.7624440152731857,-0.32054849580474665,-0.8698557292358431,1.6719345971848254,-0.5158621852180865,-1.2113793315530472,-0.587192227013702,-0.22035708796899867,0.2895361957849971,0.7350365390863773,-0.5927855086274882,-0.6609494185513145,-0.5981941934729291,-1.4619279050572958,-1.2864809385438314,-1.343908032050173,-1.149816344397448,-0.7819698110689965,-1.5135898146347848,-1.3455100374934694,-0.39486867474010534,-0.39678354226110013,0.12912180079733426,-1.1967493757672913,-1.4035187453585674,-1.6011637906332579,-1.4517957108398798,-1.4817607625651212,-1.1343776597890955,-0.986129384036198,-0.9371183473899194,-1.046568018663216,-1.3675762419865554,-1.2375364184980686,-1.447474809295704,0.005917653232658804,-1.6357372775972607,-0.34769205250698354,-0.6772272621292097,2.450367028686215,3.103943796096514,0.15318654319155423,-0.5347555905311454,0.772700382601446,-0.6399176874039343,-0.017990420897361137,2.0858097074947626,6.442392147223199,0.42395079116191203,2.0620446592361015,2.719164287867631,2.3735824990641436,0.9961790466952518,-0.3723183139066757,0.11659805326400541,4.373960215019583,0.3209910763740682,1.937793924571034,0.3378943662085696,1.6264569320923057,-0.13450211387062838,0.7314754556126308,0.5250036836147567,3.7362200004039616,2.0352765703489846,-0.407888152438864,-0.829185546356511,0.7981939306525612,-0.6947676335134254,0.4473389346079757,-1.1927617974073461,5.9486459750294,5.046841865343053,-0.013785595988379917,3.9220117644459256,3.387710711038027,AVPEPUDEA0028_luisa.wav
-2.723115302279787,-2.237574031415268,-1.9622830845205002,-2.0209325964483544,-2.2358138349184062,-2.7018373106237212,-2.4996123352444237,-2.5297551104449565,-2.9029586996265726,-3.4815550436531812,-3.7353652435566147,-3.6876644109697514,-4.423613443868725,-4.223369773045018,-4.272586411895803,-4.454720790263461,-4.202560930528694,-4.461351781332316,-5.1221664256093895,-5.4899430263751245,-5.642690022339988,-7.051989220973951,-0.41413022692739826,-1.9903019951856495,-0.9365108193007551,-6.014013394481283,0.3397645418130923,0.9239476518258269,0.654188603276885,3.892885257102991,-2.466371021656187,-0.0827570800013264,1.867057372186022,-0.6737888317178606,0.018135712728661182,-0.002335587225619572,-0.048966169554019945,-0.3691466697683223,-0.10261355064664178,-0.1372801067104215,0.16463425439094997,0.34912263120301307,0.19225506047607596,0.18402172577408568,-0.30189516406641853,-0.18411113335339785,0.0627987133245403,-0.019969479976768727,-0.09661774798815417,-0.2905192599305309,-0.17683686371639926,-0.15640302235850245,0.2738328645070564,0.23161574225316323,0.27553926010642765,0.20155476809789422,-0.37342715323816666,-0.1554271657997517,-2.276968126327974,-1.0125392705917962,-1.4020305985408645,-2.069473366045863,-2.581629203700418,-3.1564610479376802,-3.3760600485271772,-3.404079225489754,-3.82271661570385,-4.093792645803679,-4.339770708975276,-4.398537779169934,-4.839481740117406,-4.518229549634839,-4.579944976902316,-4.64482929369564,-4.773302680121804,-5.184358040142602,-5.58134090133441,-5.839633165604953,-6.053927316219547,-7.219857028323921,-1.5274423361056522,-0.12870402172252535,1.1231196434075958,-2.251344320023913,-0.752250413427884,2.4216110278531557,-0.7192542032184974,1.558361857507843,-0.6685812138954311,-1.2676259260805993,0.10332469842605882,-1.5113307229210486,0.02511220338869465,-0.04447714794015257,0.040613373800081246,-0.042636419760782536,0.03764569846966922,-0.025014239910558737,-0.005906115538045442,0.02879335909805699,-0.030698211949199347,0.0674800458119219,-0.07543924021214468,0.08625576625728547,0.010750510994937849,0.02802682713008434,0.1499547423407593,0.0022316825478530295,0.02120227763916575,-0.009922963766510235,-0.22005472146307908,-0.0351666444983925,-0.13355963919874297,0.3106161931822357,0.1258294616896665,0.09282288413867647,638.234748967787,-1.429605907288926,0.17153529131560344,1763.687106866952,-6.138831075022244,-0.2353276260506595,0.5779600953660379,1.0350534012830124,1.278814869163068,1.3620995552998327,1.7555346159047054,1.6490121305234553,1.6365148303905972,1.5482159467908876,1.4655981021672515,1.0862736912787232,0.9279385120336952,1.1017820681965298,1.201213962468422,1.344680187924794,1.0361623392811825,1.0505269575811378,1.2131236899665958,1.0987018779348203,0.9500209540123882,0.8046956814972273,0.7893450273702352,0.9419408073546145,2.5415110934166556,3.856698018180449,5.015112477709573,6.3136428220949545,3.276810699266613,4.454217004614105,3.441515228113848,4.549367743249075,4.862720025583877,5.565939822826016,6.1130068899112695,3.1870002247574076,3.42585260831557,5.145831318489836,5.663641892096844,6.77857245499286,5.020568761515303,5.112458397497792,4.300533573157521,5.345267554044879,7.239495466597067,6.557029659024798,6.82083528967466,4.82097325737593,5.886477825006387,8.30603566034519,9.295308365083692,10.4285843621666,8.699856316727718,8.096670433367676,6.32782023481769,7.872675827198565,12.692284363726285,10.385529880710374,10.456221023351546,8.73225136351954,0.7778612145328905,1.0121526257980984,0.9743332529985229,1.0409847535005678,1.1064781944727349,1.4526808558055018,1.5586965476274282,1.5355404985599903,1.2212704225497237,1.0468959325483016,0.9648221683506314,1.2213182775919518,1.1436143781843364,1.3894705290472984,1.4384127032952083,1.3876610086323233,1.382069886310601,1.2498628933791895,1.1136880194887155,0.991681112204542,1.1468811129810803,0.7651941137334917,3.318160557706193,2.8595325423613245,3.7621807400806753,4.121471760079817,2.8379826268001063,4.005978265818167,5.201185933448908,4.039145283090112,2.2753323167225656,3.224496139854376,3.313366233390373,2.7019588038476585,3.14494284738316,3.5461585101145428,5.270649518952851,4.60307323501721,3.398369884374797,4.970751016182189,5.980898067783236,3.4038370450028252,2.8275957176250692,3.6885106665025873,3.793166888694599,3.0260335774816536,4.584453311517011,5.677846141355782,9.013774188192574,7.546711213165211,5.270170821411414,7.981811766519034,9.501266691666176,5.22555437188142,4.562139005620304,5.509412230469309,5.505474945285672,5.011851219179297,367.25957353756525,354.905082386597,589.7263080567855,567.5530146072849,685.1601751722058,1160.747891308302,-0.3492052717526352,0.1778111034551077,0.2218295265068725,-0.0123327301455665,0.1229104335486324,-0.12087945116587306,0.20535147367233086,-0.16052664382500906,0.1280264512096667,0.41380607992558543,0.22673200188753156,0.4963546952645553,0.6620402694785442,0.2958199369559683,0.22870405015294473,-0.0745401057666511,-0.30924920674437845,-0.08212172884989637,0.0024057498774675235,0.6990941373289268,0.33431137895775104,0.4046583426664161,-1.1344099281094415,-2.2099283043730957,0.3599099930212558,-0.7781266102276978,1.309064749851989,-0.3354648084844972,0.31960185168214283,0.7692474727512681,-0.24480379028142152,0.4218647651040482,0.96291712485287,0.06765127620893742,-0.2527947275303039,0.6744726097540767,-0.03289595506782753,1.3669981166972742,2.0816218804389734,0.42169687731165495,-0.5518156912137262,0.2026830104612935,-0.8499793443437089,-0.00990006946199083,-0.718343659508964,-0.637198755779586,0.5413063698145644,0.4265749389901891,0.3413830183543786,0.19591488707314264,-0.31796378868339625,-0.42364235139746853,-0.321129136985562,-0.14468593376244013,0.131682503399573,0.08893937228594966,-0.36343772226794707,0.05707928388405433,0.11232530685349512,-0.13278606449698713,0.23343818637337913,-0.21560953705370442,-0.021660971695761293,0.5752620426223684,1.0853740714763636,0.8674784440803772,0.9069299283456111,1.0474330104259595,0.8762445836572006,0.9052969232815657,0.3870566992052179,0.22523626921304218,0.416419316345116,0.6011664645759355,0.9707666928331544,1.0273655876394516,1.0385644426575387,1.104916906864827,1.560995430628273,0.1804645938758435,-2.112990932721544,-0.42120717867239305,1.2171065266482757,-1.2427140048775231,-1.987074893129578,1.4900679580286629,-0.5406063674305817,0.2835638449788078,-0.45901728068520037,0.6204918796934213,-0.6457930127597404,-1.0577332821199394,0.4694716377992311,-1.3136201677023374,1.130546128009011,0.22731381821387264,-0.3881787285250359,-0.527642749003377,1.3816689010099492,0.4411025256530996,-0.7417884769287182,0.643286982654069,-0.47408768999220474,-0.49096205977626917,0.15687096419856847,0.6863272879983334,-0.6860286849615543,0.9653703298468396,1.754140845465408,-0.9113931849537155,0.5798849435533219,-0.42638577988418613,1.04409254744714,-0.3194633560318716,-0.1683770437021052,0.362639641796218,1.811719349069958,1.0423308256712829,-0.15875398300805543,0.503034226000388,0.08180603894909494,-0.5278900322972577,-0.9098344115064791,-0.949510342910695,-1.470405980294924,-0.962245266123364,-0.22026775166268164,-0.5226542466167827,-0.7678443021344963,-0.8985573020407651,-0.9051038773608449,0.13160751489512323,-0.29541470859657304,0.24834377592585666,0.06688069081897918,-0.6741087839748565,-0.6225630742275148,-0.6917136375068726,-1.0430125363645637,-0.7345491805803794,-1.1307788201448097,-0.26902630763615765,-0.5953371220477317,-1.262612191563621,3.3633675153810643,4.690121274605862,1.1796399510744955,-0.6728575751784538,5.121855508223414,1.0290750713834091,-0.5471582619797175,-0.8303943518335033,-0.14838277063712724,-0.2359098867068412,0.6573501330804228,0.633918587533477,0.2427720759671832,2.978918492583251,-0.4013865286023548,1.667862724971088,7.22918931654803,-0.09748779235677052,-0.06349922695173094,0.9885544108782067,1.3953177575069526,-0.22220911690440692,0.2556815091589746,0.32860930152238055,0.5273205836634092,0.9975272715145453,-0.3960161701430618,-0.14023160261218148,4.135066284757097,-0.10234624611620813,-0.2717538663442278,-0.6615305733219552,0.31161928927928884,0.003628845670883951,-0.06662193945684214,0.13016979751723134,-0.9537768110625673,-0.2651509862442163,-0.7375917973887431,-1.1192749924473568,-1.221886771401048,-0.9502964996916856,-0.1981584365034501,-0.2877416494731442,-0.10467039593491334,0.574101245164639,-0.13237303909554,0.6715108311424443,-0.9186042954446014,-1.4645224562110375,-1.0603849936558567,-0.8567466574414588,-0.14350133587601466,0.007476375851706241,0.06459349260810043,-0.13065339812474397,1.4564105206856954,-1.2981144287176025,3.303987035277479,1.1368615094002346,2.2865575177869575,0.8285840502601451,5.900295092760462,1.15761562881689,0.3721003029769685,-0.1193873327416628,1.0024843119330962,2.5209673537271264,0.5674947514330815,1.1089690702044264,7.136648760866878,2.8169244728034286,4.382932446046759,1.5590516621190593,2.9878560304761717,0.91870339960052,2.421333726556246,-0.29760811521431796,1.080067992363566,1.7738268339483119,0.6515631178839776,0.30296456493528057,1.8736420821424504,1.7518430483485368,2.728832126611562,1.2970302168034413,5.108032362761305,0.6408149511078918,0.8509266684912715,-0.8251393682474446,0.6926177559148647,0.7112362650601662,-0.46318222647556695,0.9170368462563006,4.39026594931878,7.987021258315693,5.475508162039636,-0.08608013314704976,2.849129073101526,2.491800515379598,AVPEPUDEA0036_luisa.wav
-1.9156172458204321,-1.6878130942360208,-2.270017624909711,-3.0319695203059482,-3.431194260081431,-3.9996480207039156,-4.486687949081584,-4.39877122901166,-4.281922201550834,-4.2649856654466625,-4.233692416190329,-4.344098032788506,-4.544543206966739,-4.246309767547576,-3.6751489864946785,-4.291314619685972,-4.178562518782449,-4.660161254019818,-5.27849740782608,-5.075410769456138,-5.072778508689208,-7.057324703991693,-2.0775339584006027,0.6602460630670213,2.6405737982515536,-0.07319591033783546,-3.605694634447758,2.0947692544962075,-3.9017124777109555,-2.316886903346371,0.4314897154174232,-0.8321035714089358,1.0945437060291006,-2.276140464045744,-0.05558508251928044,-0.13155268040207874,0.3156322356416663,-0.3178814800887033,0.16960165610335817,0.014365552580380983,-0.070584908196834,-0.032359363771377256,0.04985235637307911,0.1023170398558636,-0.1248478045177762,-0.0818128143414573,-0.21882624349159524,0.05211635897363251,-0.2324667088281851,-0.11574562322195892,0.40460145360314015,0.09748993691542918,-0.07472455668929856,0.8283223145367291,0.009595937955675815,0.14207927067281723,0.0607735459934618,0.04316622365057343,-1.6776719217919807,-0.9405061880332372,-1.411126421577333,-2.4551640465662796,-3.1451389304957953,-3.8072809595761434,-4.830102965100668,-4.641121221668977,-4.61397006587449,-4.730371884891,-4.58892881558789,-4.673073929300341,-4.846678460292519,-4.7031366537699535,-4.909919036788734,-4.822615037490197,-4.888538744031914,-4.996550337460344,-5.246807829677254,-5.552954217381006,-5.741010861409816,-7.0863450202983005,-0.70102912775936,-0.00714270197717454,0.817373966148713,-0.7467844647390434,0.13420593936542605,0.09184897555152588,-0.6897744174210149,0.7047277691955535,-0.2693435298436497,-0.0887059436968351,0.35443315700377387,-0.46799582153353264,-0.030957748096452464,0.020720694059080596,0.01882427544340641,-0.06836514273451771,0.09722792693174442,-0.0825386399509936,0.0245287268651312,0.05186585270321473,-0.11031085182098228,0.1231692970859943,-0.08626215162324344,0.019843985693837652,-0.016626355883863974,0.0219844248584065,-0.014833256126037189,-0.011798460845732323,0.05326636076907342,-0.08804799526326035,0.08715323039013678,-0.035190955218628577,-0.05240463936102604,0.13206723070296933,-0.1569489389703691,0.10817046965337525,655.9262021242174,-0.49315416548920116,-0.3776902367911991,1823.8476536917988,-10.756813154716802,-0.26695837612849893,0.629945205700427,1.1394922267926144,1.2602874965591002,1.3418195111923275,1.31758604778719,1.0315809115982177,0.8467374226176573,0.8524644476771187,1.1081665159503602,1.081266236239552,1.3762374797416144,1.2291390375780133,0.9990420800682595,0.8865091415697288,1.2686945079686498,1.1249980286918908,1.2095140051897006,0.936588722890864,0.8396647435656355,0.9419724184947611,0.9513487348647036,0.5145244617397542,3.9949738552347447,1.4932589982017606,2.7419579352721257,3.965273067956024,5.74065489912484,4.041560661623971,3.6344759143861993,6.359720526475582,4.376316025069613,3.1542507844371426,3.3860639203706473,4.087674737660646,5.807544179323425,1.8870392022879663,4.064850851599173,4.588526921144958,7.251461359902399,6.189494444091749,5.19032855905322,8.45291883380208,4.569845029626818,3.7485388645520668,4.356830259075332,5.635274102973189,9.938167479751094,3.517836369297341,7.204413227063135,7.2573059723080275,11.505336292761083,10.757329905135695,9.87650017936573,13.067514261859225,6.531497612297329,5.607655782001297,7.153711923196479,9.768892885199241,0.7917064883478256,0.7762900468365657,1.005519506539846,0.9597638356016976,1.4276707410927885,1.313372033961504,1.0936056474326046,0.8792985060267913,0.8796662864967868,0.7684909405295254,1.016853991920866,1.0754970186317723,0.715844913221848,0.7290352815405952,0.6226945622899771,0.5673513469278353,0.7143197259677498,0.7393083376815496,0.5597108785278826,0.4224203039009776,0.3850821233812137,0.5984093804453328,1.1845468488937858,1.4586763807858472,2.0179060387836842,2.0742625223003386,2.7018965729434514,2.500986222743842,1.702081611115687,1.523781618690204,1.3293525007628961,2.3711945468513176,1.8024958507318523,2.0052229629630425,1.6758054408407483,2.1142141322267003,2.6811232046802487,2.311956329886996,4.177590501454127,4.088901648514277,2.3471029598128372,2.1754731523676782,1.6599574391131602,3.2271623895793047,2.750886071604454,2.9010745069776496,2.8369222572340824,3.771024827757772,4.516630476034315,3.686791981494318,7.6849795769720615,7.492762416718252,3.9884398649750525,3.8276472120242095,2.85688974971072,5.620949064666696,4.92087091206801,5.135991933313477,582.2065025117666,543.7189796037239,874.9384436563836,571.7181521006588,567.4798565922894,943.5302757085268,0.8772534899848151,0.7455068084136827,0.5579995993509889,1.0907785923082358,1.2104374193316205,0.23976934161032076,0.06254639159947986,-0.15990833670040466,-0.06421505883398881,0.3782385762936869,-0.07553584251778045,0.11659793834884066,0.3053108029008418,0.5728898896065162,-0.04138093056105721,0.6293824592217732,-0.2412485849994515,-0.019373674827667577,0.4394497327192716,0.7848516047895779,0.5386565818288073,-0.1566138866480448,-1.7157027707673387,-0.998343743178311,0.19056911294319753,1.3656362046491752,-1.397141907824973,0.8687743847256264,0.012808829157482292,-0.8736136525423769,1.5079891117663933,-0.31206262848940636,-0.7669783052348107,-1.3537495331106557,-0.2303766842579876,0.11315373230806489,0.0959988022574389,0.3537772584483288,-0.22598729109633967,0.5670225027146991,0.12384646613279206,0.4709114344076283,0.6183166180661845,0.5802133042154598,0.26408236004158014,-0.06597341448562001,0.907440765274616,0.4819192902558435,0.30943469021711456,-1.1811732476057648,0.36315103220043027,-0.2684299824150867,0.17997905813084028,0.48335103140122054,-1.219776027742009,-0.8847608889584346,0.3462427761512422,0.7722369856384756,0.567173302173341,0.39974930963060135,-0.08175495768233262,0.05548312357158591,0.6029554300943797,0.9862001576433088,0.9824598020879745,0.8099259405649459,0.6575069424539549,0.18223643990094135,0.10220997503264811,0.2972848996694419,0.3374780092221107,0.5466068120411729,0.7368640618591776,0.49672976922638207,0.21526696523073544,0.6055376751389205,0.24825199361572325,0.6133260420380039,0.7555397422699588,1.547260047312949,-1.6577566686976855,-1.7558996762229138,2.03604214134751,-1.9368908643348186,1.4654845517798551,0.6116900797030588,-2.1210288163205995,2.0635532918005035,0.7820804133744089,-1.8202048207465247,2.3615606273009844,-0.7476931590331898,-0.04814533394936775,-0.011996493186934005,0.6118550038606575,0.841722119139312,0.8412643054973515,-1.0419281882904354,-0.3055697020530484,0.675897276493708,0.30875108722101197,-0.15870775065491258,0.09085187619630515,-0.08667538083359187,0.8608071982796243,0.6784087482834066,-1.0587643689001114,0.4274149403903685,-0.44220407275530743,-0.22901649587150844,1.2313127938871056,-0.9354112212519424,-0.8730608928755994,1.0194443634895132,-0.8589937847847444,0.3820195582608331,1.3248030133501751,-0.0759681552110176,-0.36373306109331643,0.24258269919401526,0.12050591491275109,-0.5260940740735279,1.8814711994171809,0.019928282883698856,-0.27655651758071276,1.2978286007697326,0.6222597820814486,-0.7991440176247737,-1.2826028623415504,-1.0218966064234452,-1.1083340326019426,-1.0973739090090624,-1.3363196640487927,-1.1223786167111234,-0.6592711645849638,-0.14941181725690278,-0.7069675900303625,-0.7509684122858369,-1.036307986427452,-1.4278506427872073,-0.8702838267082083,-0.15600025773475723,-0.3462488422981713,-0.28831574965441,2.7915326669132634,0.7519356896273655,-1.4144949933907793,2.461511347989245,1.0413897175366102,0.9026565426229234,-0.8479984111446068,-0.2349156433697015,2.0290573009654658,-0.5046490291269525,2.794991135357086,3.080198522988484,0.7138777870169948,1.840219827014134,-0.6497878990690595,-0.21399312131432735,0.050035697416010105,0.12392134861279569,-0.8691136038273708,-0.6900351574448322,0.3988473484738315,-0.025950389048854827,-0.2757406474677322,0.18603102654876658,0.9215841968062484,1.656022943796149,-1.0964052599869722,0.5987053310121677,-1.039408147250021,0.4032246081831947,-1.2169231310586024,-1.0351124633191011,1.5639404429905621,0.47444747663632203,0.10801119538535753,0.3792617299802701,-0.4044835915793348,-0.7394293617226744,-0.9906542230824358,-0.4020720477197983,-0.46999788439801327,-0.05007246159767886,0.2999990101774408,-0.2942145755422385,0.2077295511537658,-1.0700729019799933,-1.1934741999508613,-0.8421625122107397,-1.294039412373929,-0.1883602820037238,0.550762468861874,-0.7428429168007362,-0.6841925344377806,-0.9375635709773729,-0.8130689675939666,-0.11059804254660044,-0.3391314312358156,2.5207266961775066,1.333389879208931,6.621332685943811,2.9178656028685666,4.658076935230839,5.2995578757076665,2.1329071498749466,4.18815417481398,5.208410925046422,1.1352126304538226,3.380993236093934,6.881411157725569,3.996054976216481,0.9877472973008281,1.6195443481569418,1.713376422494778,1.996876185962205,2.4019640624113485,2.441061962040899,2.7600374032046995,1.8399020511344588,0.41619518040753656,0.8214854049713685,1.5432781785807492,0.43252382218799834,0.7875300572720398,1.3130247073445176,1.4432629193297117,1.3584391495185324,1.46716666978792,1.7112909044128894,3.1652928427599445,1.1814835767080432,0.23372239624006275,0.7771685478411325,1.1621696093757876,0.2483863193447866,0.28696498636880907,4.933369159817518,4.013876292753756,-0.9365972399252138,2.979599952598962,3.205677481497194,AVPEPUDEA0040_luisa.wav
-1.399711203172793,-0.7660472858952602,-1.0879214147905325,-1.5859898552499336,-2.0364790401315336,-2.405700660315984,-2.3715254532052223,-2.9433901835637557,-3.207770944124041,-3.006756568300029,-3.0223769194331407,-3.2990433649881274,-3.0991579623940737,-3.3078217519898683,-2.865069480151521,-2.916211609088987,-3.3509697538919783,-3.2202478599969004,-3.6478652630375823,-3.525802768217585,-3.807910264785675,-6.083350451118585,-7.0301434549325,-0.9452798378935495,3.019612673256186,-2.2939232432981886,-3.58011451542643,2.0537020451763786,-3.4873550028894114,-2.4033779847863963,3.8692388986805297,0.17720895555562824,-1.4558169417745372,-4.64573392951828,0.7595940492999286,-0.8759350908434335,-0.04632559284830151,0.09177314532907155,-0.7404647024821687,0.03598364480931658,-0.49025230028262995,-0.08235830957041869,1.0484755906476797,-0.21147570777134256,-0.22889632116533987,-1.2257193200462828,0.19231657937804839,-0.3108490636541472,-0.44679576736907245,0.05681379808785598,-0.4143479940551708,-0.5891530920724098,-0.10281501985265798,-0.2528868755492341,1.606322108405639,-0.741466621624724,-0.19988380667618597,-0.6479639555369884,-0.7357049256102477,0.39922050053960273,0.40775530131726434,-0.30639214994498043,-1.327357617058103,-2.2463584953562017,-2.1614841136653187,-2.596733456642439,-3.226375924931437,-3.629535544575133,-3.620789347021856,-3.6377099729075746,-3.6607534082173805,-3.6034199912952,-3.665230209725276,-3.785276167130308,-3.805111574261995,-3.933615691831415,-4.207888881420531,-4.160599119908019,-4.396367296107597,-5.803609638594846,-7.284164771152351,4.249169426108177,2.681758058994935,-0.5097372000918764,-0.7222373835145048,-2.3433430717380097,-2.271325923560059,-2.4462733960187504,-2.4079120930501396,-3.6900537465830774,0.1650982795571277,-1.4205086791227317,-0.5259604970720202,-0.33987397137443537,-0.5992533414309636,0.5418272333905456,0.5885397391025248,0.2886095856965138,-0.8035306777103538,1.5557683261853474,0.9669576588035693,-0.5178244420847173,-0.18250399070442902,0.12153750780860688,0.17694970965708356,-0.8330762081070102,0.6638399529406334,-0.09937284248383049,-0.498996723862995,-0.03215286039811338,-0.4603684502900176,0.03422036581287857,0.7586061556709172,0.15708661701280824,-0.5270539795247848,0.5850088095526038,568.1495616492094,-1.072877687487414,-0.16305276311814823,1857.0601248618823,-6.581273438799162,-1.2255227364799062,0.8498205513006435,1.2210663076989343,0.8280607726133464,0.9581892658431984,1.3445650974430683,1.527379979070083,1.446624597755579,1.3267750273904182,1.3566139411473472,1.4928122410557432,1.353865909046043,1.2968684655259546,1.6180609920735316,1.1725236192969661,1.5682093945095537,1.5997026948622455,1.4597160723662028,1.4990092634736316,1.4163403937147183,1.5521920971922858,1.4909606475227806,0.8838178703426558,5.936290823684216,4.276570837042312,3.909302260556069,6.1073492943034235,7.7517987850889885,5.014826171906008,7.493147963546579,8.554991761819768,7.291282720593019,7.250453245894334,3.9597429522563914,5.115267179019568,8.661989763355237,6.100368934367861,4.364273753809391,6.64998297294185,10.34696861272019,6.440667165450253,10.532008077947607,11.110492706154007,9.130823452609075,6.724830671187716,5.440541866602769,7.0479868540246295,14.573494816969381,9.873527867054838,6.120073241396793,11.514667241104167,17.52194446691772,10.851977899335282,17.136584336826644,18.62599360456551,13.940356479779295,10.338138460137483,8.986998340156017,11.649197334337696,0.7848131986430545,1.1695037691940238,1.3284011985725535,1.283007398730175,1.1544037081078635,0.9242815538983803,0.9054790612977536,1.085370831631982,1.3093747056776508,1.3333674270862266,1.237044505369167,1.3009301957040138,1.515541140786737,1.6951523533751451,1.5095840872959638,1.67698663729081,1.7238462621017228,1.6795095838915688,1.809751714471239,1.9275329158721488,1.772952246618243,1.0223536535338873,8.996429200294447,7.6320329696716085,4.668737351696712,3.7101164036301295,4.200137856461585,4.257836270544884,4.277739205114056,6.350425630238317,4.335477231765768,4.708365769076198,2.741057411040446,2.7408373475028673,8.784562402972318,6.807527304771147,6.108137128662534,4.874464386147023,6.302051415011887,4.937282213138941,4.9953353341687965,5.1682661076772,5.363208501079167,3.380640271984284,3.784887262099095,3.6501159097663294,13.442457447735293,9.654255060190229,9.365834730755518,8.85705487325125,10.492736074433495,8.310281169445156,9.103060644228707,6.975458254562278,7.37798007396231,4.595088782502901,6.52982509662393,5.730209623564284,485.418186522373,505.76086662374314,778.471260949318,541.4353738592952,569.9326424771891,902.350207244802,-0.010148658234703798,-0.19013775460400387,-0.03005969458637844,-1.1252846218840515,-1.062553606732226,-0.32365750643101027,-1.0621970084007781,-0.39689437316832044,0.03637775994687399,-0.4595679496589309,-0.690550439921458,-0.8326859757822351,-0.24856546185425152,-0.5414992099811103,-0.3681977896887889,-0.4222106973990329,-0.04547505072668342,-0.4528293964395363,0.5537156785175897,0.42451462753916785,0.32804505907143366,0.4802664414744784,-1.2043185619215464,-0.12537466396229363,-0.003817151617887162,-0.25034661671332026,-0.27076318772984653,1.3959813706248805,-0.1699296836434474,0.7667084077317854,0.1873260705151483,-0.0325828379734203,0.42021672501262586,-0.16779634332695814,-1.5599457738232971,0.38346982307434313,0.3794775062727768,0.5842666849470213,0.06954671231523028,0.875659964631064,0.33972491297418567,-0.22549844589441315,-0.021274467444405,0.5230926386732175,0.3703689812743974,-0.12043568022206777,0.48594490933345097,0.6342848002190589,0.33292034106419516,-0.0781253935625489,0.7401438098858325,-0.9161524666770775,0.6734738295051895,-0.8253548946614384,-0.3591798149522954,0.41442252943078256,0.09701547763911235,0.5751955523903765,0.49034790597738986,-0.0636602140502993,-0.6588465082384225,-0.09798098535185613,-0.3101694937499844,0.13864974675923775,0.16238314794777198,0.2554689155191567,-0.49111766437584015,-0.29974824675461836,-0.3590896850571885,0.13873223201871335,-0.14672857004468065,0.042618634688684584,0.12414310640595044,0.3407223353597619,0.04952420305005714,0.2942995362868642,0.8747793004624708,0.9221881984798455,0.8754764186842032,0.7675910590659082,-0.6937123869037832,1.5858817117322355,0.8950924332667194,-0.3422894912142715,-1.0546516346931634,-0.3441736532809268,-1.0258601333948159,-1.6863424984313091,-0.08878972456871567,-1.2118428687967742,-0.19893506581231069,-0.33119584071868696,1.0903203598390518,-2.1478583405968736,-0.4500005644944737,-1.1958036501681442,0.6975348856375133,0.2069087662535462,0.029100560724667653,-0.44464301949879764,0.43357855957828473,-1.154265565963584,0.2717858207972481,0.7264060976505501,0.5252862179797531,-0.005640986942569261,-0.7137265221538478,0.05267536468750824,0.6336663143570054,0.17913561239437123,0.8103931492540135,1.2593511700451823,0.33452048127010875,-0.21663169684885444,0.10208471087789439,0.085519020382564,2.048265972956193,0.6601995687462119,-0.8292390601262856,0.5614615546064097,-0.3954272165884957,-0.5407214853597152,-0.9882168120183858,-0.7578673161593499,-0.9083408058099653,1.5805684694539472,1.19593194996086,-1.2013287118379743,-0.17889799255100902,-1.1414629167649903,-1.0641882732287593,-0.9317574561740076,-0.5215324476822722,-0.6663281492034776,-0.9667362131536588,-0.7299242058557405,-0.4839526221090593,0.0006740143324828196,-0.18597613187029305,-0.4611003119238082,-0.07695851726152592,-0.32356204545108946,-0.5170106204766629,-1.1032862840487347,1.7886619458602713,-0.22952765144855913,-1.5130585715282234,-0.025085428113515995,-0.8249307004759241,2.1189142137880896,-1.032835583920857,-0.08638878068550238,0.5157998402269874,-0.9649571044498164,-0.4964880204655029,-0.6280210765765957,2.6825393233865737,-0.523408361315786,-0.4668807609110188,0.5487510900587846,-0.7597070719509129,1.5624123568976103,-0.905268870867654,0.1536073685759356,-0.7966735832777219,-0.6194009624477976,-1.266271677459209,-0.9276859217023414,1.534624487177326,-0.386525776908202,-1.2997367560932194,0.660115402693799,-0.9139391362760296,1.5637806615054926,-1.2716735828597163,-0.24045634532365856,-1.1429146169533229,0.13103928875205906,-1.4641236096324506,-0.8337116519791978,-1.1141939977368975,-0.8923713584659079,-0.42795410434478853,-0.6267127120156046,-0.9225350562672205,-0.24122124332679684,-0.8451198367337378,0.32063770683333104,-0.09586130701985685,-0.49948050084663453,-0.9172931131929589,-0.8044556990933733,-1.527700750346409,-1.4140793806124758,-1.4106970336564235,-1.2003339469524492,-1.3765558467632504,-1.3585376184112974,-0.467873764312392,-0.5445085913070651,-0.3578760106141381,-0.6519195674350908,-1.1524100557073609,1.4795369709697406,0.8365069637637093,1.489592776754674,0.9844703866893996,0.32588622435605963,0.028477701913133036,2.055985822959417,-0.44847693079024253,0.1005998728907338,-0.3382587633133487,-0.2565476643998732,1.1992499024201875,6.210949951872056,0.014043022727705079,1.2152301950134525,0.6604326646744969,-0.21873516191497133,0.8616457881414137,0.8458199486176765,1.1045241640463868,2.2739107380286825,-0.8175608898377962,-0.6118901373361791,-0.025476432416585038,2.638947371098843,1.1018609628350324,0.29526649826449525,1.1276485946483117,0.05549198962617918,0.5160136761653229,3.414167543829657,-0.856933285400046,-0.2287025887415517,-0.5388263722022639,-1.1841589835196042,4.014645717800115,7.492759620895557,5.062946339385025,0.2762246736260865,3.185936782075646,2.4441024258421047,AVPEPUDEA0044_luisa.wav
-2.95944338792972,-2.4209184552014347,-1.9321619326178785,-2.210116583601563,-2.6386592402329634,-3.559856265728505,-3.8140799482170755,-3.762572222252915,-3.679964089302117,-3.671830999673911,-3.780783037655214,-3.7886098900773373,-3.614503215790729,-3.541338665377663,-3.4362989933105976,-3.6969334310836666,-3.641660933292984,-4.02339812417601,-4.289828845821319,-4.4186882089836494,-4.509091041587809,-7.068852675755291,-5.441460667613152,-1.7179511697221324,4.360313138255886,-1.4295341104823245,-4.657607262235015,-2.6870611488263183,-4.524209618474268,-1.4841181217053294,-0.015372439726542215,-0.5182467172903679,2.749583238242834,1.139808427015694,0.09849323997650686,0.09986191751934348,-0.16449939061532776,0.04111009993975305,-0.8765883321194401,-1.2199107593521232,0.16030856749086592,0.8394959594578539,1.2142653041284965,-1.942213649747803,0.8399502416742156,-0.10172722713231701,-0.30588954729539175,-0.395465829711806,-0.7481767322497478,0.46346918297790735,0.3137310057627084,0.8727690004368736,0.5152124177995552,-0.2244263599345835,0.6388719144726246,0.8371004191879367,0.21829882301400957,-0.7227695156883611,-0.5824837362749482,0.030256795225369598,-0.005176207782351431,-0.12344515259478109,-0.6056975203783426,-1.9008576821499146,-2.4079594067154084,-2.331216665341763,-2.47098493777292,-2.7254658702831356,-2.519869298475899,-2.632345227142311,-2.90365262821213,-2.9872355420902026,-3.508640236676966,-3.54836585216969,-3.351990048382215,-4.475783576233753,-4.583509138974138,-4.652895536554215,-5.218903135619976,-6.627455438216069,-4.244946062927769,-0.6397869456187968,2.6227044811028692,-0.07177498131893631,-1.9504855861139268,-2.43296718875518,-4.966884881210256,-2.133803029349419,2.0615358614789496,-2.9938444879860064,2.55751573187011,0.18372636564035372,0.057374865763404455,0.49122614410567234,-0.5603556167594538,0.1385931790363841,0.16669780606156295,0.05883196592361445,0.9966846184069593,-0.6624991437229724,0.007485434614428332,1.0347935663110897,-0.5851128227759917,-0.5589698510918586,-0.0451710046926419,-0.6100079711632524,0.563756941059748,-0.08161573442398085,0.014692014307198908,-0.10209822087999343,-1.2188666808470172,0.8538076160581288,0.21925829221236337,-1.099809944410254,0.2171406839151664,0.6337959651537286,661.4469565170034,-1.6691895368302325,0.2917903521664466,1821.6476991015134,-8.018477699891323,-0.5160209976156842,1.5042171683002297,1.7515751743330095,2.059166694006159,2.0569392641908864,2.0984282692029144,2.115994063857112,2.081228840872867,1.8706017762034632,1.8833842709157627,2.15004846117861,2.0467505177946586,1.8467035416676245,1.8199762596306293,1.931397454275369,2.083576799416091,1.9647683466792927,1.6730741476284634,1.8157970013385654,1.7927221681466328,1.5564441463161591,1.779459503230101,1.4339334183321315,5.481265350798026,3.6447559019054463,4.823046192024549,3.5389671548474393,5.527375571357967,6.597462123979026,9.455330267664925,4.335934330077579,5.921680973285449,8.258147432719795,4.185648517873245,4.873182694175606,7.1972572967074875,6.351544557495876,6.76902812639968,3.2183922334155315,7.019702554296581,9.719862267249969,13.301234775437278,3.050290125174826,7.437298449794978,10.622413730185489,6.291581430447763,7.081387928233638,10.349379873195527,11.814949861829405,12.003272999935657,4.476086579143659,11.068298929503392,15.581774700381382,22.071535474444016,4.165983410535743,12.022989141878305,16.717463525779575,9.945022173132488,11.352666881687322,0.7984892724655345,0.885559416510683,1.1096976869519788,1.2252827712459735,1.1090921790888513,1.25589359973291,1.2275624939506595,1.0688065021296536,1.2038637273230997,1.16455143875815,1.337170666796471,1.5144866259062426,1.4819047078838832,1.2852289976175626,1.3718488859284612,1.5358738587402787,1.3853849865089718,1.4637565749014787,1.4255805697340735,1.4199185845027307,1.5454580046449575,1.146603904776418,5.775195650073972,3.6234425219636504,3.909396969650005,3.3461088043218474,4.593600542440451,6.4071791084560035,6.121034321725469,5.670128127323782,5.7328332141275204,6.769066235401475,4.050650474036673,5.332894928929728,7.3525301663299585,3.867684971860446,5.291914248073213,3.7403682957744655,5.849827375956783,6.167098201876094,8.016011803962618,6.696546319414381,7.379100538392547,9.41234927774339,5.674213155429915,5.660505786529089,11.962594833170696,5.697519621208618,8.152826503082341,6.576220646018182,9.872341383037867,8.904079589900439,12.245013507258147,10.797806966990926,11.764074322662106,14.455953736969867,9.45926129532206,9.229021695230779,453.73356370035845,534.8956379770952,903.5870315191704,470.4477285113503,516.9449953990063,833.1725735814135,0.2250753607699922,0.08842919624008894,-0.46263024818485154,-0.150697351547749,-0.12403308559260103,-0.2521889199772214,-0.4184238855317267,-0.4360612537829336,-0.3822865518934825,0.027039084531916745,-0.2746559450508673,-0.549695376880876,-0.3342743995447358,-0.282866589183273,-0.5243226733846559,-0.6662745915482416,-0.7157569316820224,-0.8770979299640379,-0.7041337937049486,-0.742112099894108,-0.8892288112301312,0.4191186336025396,-0.347496760363806,-0.4868377364667442,0.4549041511430059,-0.42115304449113555,-0.08442823842511993,-0.055245891288144784,-0.6335317348139642,-0.605552263978914,-0.06103554689255877,0.6508107849299841,0.3808062575777767,0.83018188259669,-0.8608212661229122,0.34820574956862765,-0.5490104027900617,-0.523296570363894,1.18477777349953,0.11759663912674453,-0.15174665611247284,-0.20192988372526202,1.0345560860146616,-0.08178358483476078,-0.6778737008108882,0.023057136900616566,0.18204201832515565,0.5274194759506998,-0.1064795142174804,0.02299870742716593,0.5144317907354741,0.5356222942956732,0.6177462658796397,0.11023009395260044,-0.4170558473338203,0.7845860933240753,-0.6016739242109702,-0.7082166889768486,-0.6678790339631384,-0.2949668173126716,0.08810137286386935,-0.0665901095462135,0.050421502926585295,-0.17471826061879903,-0.042202129286907177,0.5166825233905048,-0.22562657692133206,0.3274091508460777,-0.23030008348587014,-0.14998245748495836,-0.01409058935445935,-0.24427840436183124,-0.37263167961283683,-0.16202621862785627,-0.6718862621653633,-0.12888808947470778,-0.25750214317677,-0.26456083028030347,0.3805883091221169,0.7807489814268661,-1.320562520871952,-0.838734206051769,0.188555777766937,-0.3749358578003858,-0.184062815926507,-1.2171978139944148,-0.6526173199473733,0.1511133576675244,-1.4008264203456495,0.0260083216816227,1.3475052886552725,0.04991699404842952,0.8624814551931812,0.00013170614568638496,-0.23695648784321788,0.5858156095407614,-0.5770068563747964,-1.4114521904363693,-0.21231416122169608,-0.6995812044967631,1.0775566418738676,-0.6120428569447441,0.11644101491698622,0.15529387331212588,0.4542461094253149,0.4173559720812492,-0.1484757234525324,-0.15848227133252496,-0.362786988655045,0.1575846390294961,-0.023148440004496822,-0.21397649128977564,0.8226071989175727,-0.39839131187232885,-0.956624254615858,-0.19816866925496276,1.540270555861527,-0.11687531815923421,-1.1320738793782747,0.12162998152256944,-0.5398917977909209,-0.2553219516930558,-0.460779861124764,-0.5379307496746017,-0.24954702048619426,-0.26780941437669536,-0.5672562972701773,-1.3704066532339099,-1.313460365344482,-1.2110400828657917,-1.2105600830213956,-1.2589911026426832,-1.4181032126390674,-1.103890657835378,-1.0210006032122572,-0.9477358589059017,-0.9795496548056852,-0.8033354176436815,-0.6959068830337523,-0.670571755180565,-0.873352100050425,-0.5880930346625348,-0.5494423023119479,-0.9239480757918481,-1.38160730600879,-0.3350993643499054,-1.2502952481388527,-0.5514435334900094,-0.4554747832384094,-0.32212738755473636,-0.9052321067295228,-0.8182551074900504,-0.5837998140506517,1.556601245539695,-0.6871335462738566,-0.032997817656815975,-0.40160895404725805,-0.4429180107277957,-0.7289089796501873,-0.06995166968973399,0.3283280196786782,-0.6137581688483986,-0.4700825977491161,-0.046305730276099855,0.1946162758753074,-1.1358723845392193,-0.39797661487269176,-0.745088495826344,-1.3682262175707054,-0.8768892341434671,-0.985585017529516,-0.8616166914432153,-0.5428732349805108,-1.0012752586031086,-0.8813405724654944,-1.268822027545474,-0.35778650101828235,-0.8235281936807959,-0.13010200122749183,-0.7889218728910978,-0.09381488187850806,-1.2651677669624772,-0.8096998105351942,-1.1729521763056907,-1.1634414590602353,-0.9966328872507138,-0.9671355263278691,-0.16893397465161808,-0.8497518331112763,-1.0597351320401807,-0.9542100132227613,-0.965520777406911,-1.360591204306727,-1.4441686542114927,-0.4981128250553142,-1.2166335069215788,-0.6174214294436831,-0.7390465812909861,-0.8009730076344534,-0.7757729497845114,-0.7702436431230182,-0.36931077037548166,0.9399295710648716,0.693797092714048,-1.5036813995603373,-0.08593203584987297,0.428116421990818,1.3186130744740296,-0.5866657354200253,-0.19718370746169667,2.3184690639062104,0.8899383461357355,1.3522574397102405,0.019849274008910456,0.629023313546881,0.7815202225744922,-1.0626570346091686,0.5637897930876239,-0.34020433811215556,3.1305698642787174,-0.011520944204071348,-0.11907058378146074,1.1713548860822511,0.8020864494831175,0.4121122464730309,-0.6217547257431049,-0.11276595652566757,-0.001943851819697251,-1.0502814292307028,0.2831792536939397,-0.6725962660995437,0.5939176928500642,0.24140001651952048,-0.4393862717994219,1.1835188725302714,0.7529185727275278,1.001489282187979,-1.005246313341798,1.8737547467202473,4.932047731970889,4.93868461384225,0.3232102130653871,4.439270783444634,3.8812665855931865,AVPEPUDEA0060_luisa.wav
-2.675354149279158,-1.8337594746716086,-1.1036972598719061,-1.483210996690002,-1.5051143893317585,-1.5573141471836836,-2.518393733449237,-1.8537197860736339,-1.882935955101691,-1.7876499836331676,-2.4412324838066306,-2.8338510863870616,-2.6841269345357492,-2.4719327986624315,-2.846148756807542,-2.9865151243694346,-3.1722158139614756,-3.1350802604212915,-3.543026392638112,-3.6068742929430258,-3.5602630826814536,-5.81198276210313,-5.360277219440093,-1.982799792103209,0.4426436435313583,-2.5323003638602497,-4.167766264125359,0.07102874679129563,2.098942151692803,-5.430351489061146,-3.74461287368397,-0.791426288813915,2.5414952745612758,0.03729614216535023,0.8290925682571184,-0.7955932645198832,0.8258938269687064,-0.9668068735574081,-0.279094277938323,-0.5012984925040986,-0.2357246116222977,-1.1811880886347301,-0.24995010832463915,0.8341116475262438,-1.583145185495544,0.9172078561317505,-0.059765416585315735,1.4551771588212443,-0.421019461439837,-0.18286792242634262,-1.8949929849781433,0.1645574355392913,1.4109892798636166,-0.44561144223660154,-0.4453578077945412,0.8665229066792228,-1.7731441762456974,0.09734854848812358,-2.9929586602184326,-1.1271340053454886,-0.6358268113803053,-1.7443194689132313,-2.0542055494451974,-2.554574204470155,-4.090646930998276,-3.970057800004705,-3.786355292982249,-3.791224435803466,-4.161711042691583,-4.3885572324238105,-4.190484384962856,-4.053225384565801,-4.305269288653013,-4.49622079814917,-4.294798168047371,-4.170874932715148,-4.18639221723706,-4.2696036348298145,-4.344946641065927,-6.471565167420281,-6.64733109213043,4.000664746682633,-0.5736280231370917,0.9605046009511412,-1.4930913628498597,-0.5253014584597167,1.8715764926168026,-1.1374380374365827,-0.09383822207605279,-1.4751580690147883,2.4969074647914717,-1.0287022976461115,0.2593426556899415,-0.038097425298648346,-0.13996204200599602,-0.2737113301979943,0.6821522235404116,-0.5251778363727705,0.26035155136633165,-0.06182583667114226,0.3364846379314909,-0.06635758573086724,0.020690401900015334,0.107479817795558,0.3507029303950117,-0.0007756079866741044,-0.2962100315780845,0.15010692862236683,0.1886696653368679,-0.2704874247065294,0.06426577307223748,0.051018494513301565,-0.23233904314021928,0.08117484229182097,0.10565578116319545,-0.24068528506513626,603.2331019186532,-1.3387800648228854,0.04437761311220769,1870.07231442449,-10.539537787914046,0.3891150409918424,0.5731691978634145,0.8633282823986672,1.3066864037403845,1.0969588530147736,1.0469276898005864,1.0399214752339805,1.3189037117475106,1.5445682770345828,1.3947351131876695,1.1049343872400932,1.114563485511877,1.0698032617447382,1.0071417176396171,1.2515970453882166,1.146806019865255,1.2378604179772166,1.1802440366590792,1.289362673447696,1.1591840930935264,1.5898652871057988,1.4496912173064909,0.7884947794155515,7.1414816239442755,5.3395889923984825,6.014687304135747,5.7828162296933465,5.416572381052195,6.640646103437007,4.700758595749494,4.430636849230357,3.5626606523304596,6.467460338690588,7.077757052229667,5.4223783075813285,9.851704162019324,6.17585976903711,5.55484239468444,5.828488874707731,7.635456094840401,8.994188447310867,7.834029466127436,6.013587459010168,4.0392970139505335,8.925842208863696,10.740301280136977,5.684203807436256,15.396058360326304,8.562528082600785,8.41127158859603,8.645418919815414,11.347089534375636,15.87004249236045,13.951811051816884,11.406635022956788,6.204269770347912,16.098902770637086,16.54321739317307,7.885345680103645,0.6742874905662245,1.091725009350222,0.6863027056070824,0.7117879498583571,0.84943666943862,0.8486784300783696,1.0630928599895402,1.1106053516949805,1.3217008508042232,1.2602228666691602,0.9962535257794346,0.9970153371951469,1.433164501691186,1.7138608292838635,1.5878085127211878,1.5610560661646635,1.3259222557527022,1.3246757473614077,1.7028855897612496,1.879152064169473,2.086601954261326,1.0241219282616731,6.122560850055312,5.079061097973378,3.8492818190672415,4.615533547322204,5.086758163819179,3.243822081481348,4.452477689410678,3.1828375150794748,2.6671386049688186,2.8035895680016427,2.684784071397509,1.3474952383438543,5.972622412210632,4.942495554364691,4.838380385212444,4.868011161707998,3.9784659899803785,3.073005587408874,4.402988640251127,3.356388273824291,3.6773810794780735,4.325501448423306,3.8446702171177543,1.6693784991039846,9.30385567784299,7.989611594004669,8.766189950945556,9.004427184916544,6.5987285772629605,5.340652968323536,7.831079242418614,5.816460135007121,6.064815113599092,7.706024750834464,6.91290291833215,2.8260580010699345,430.76492368992,421.05051482384874,691.9381510724962,516.2330482611973,477.3552358459721,777.3532362165478,-1.0113136720146503,0.6298233284176104,0.9145735460881813,1.3010540828408261,0.006280120013129659,0.5362385728889838,-0.054595567830250234,0.2962152813394129,0.10772866862495588,-0.8229371127686276,-1.1500587937685778,-1.187374658570024,-2.0137335557470233,-1.3822761054932862,-1.6331034155546098,-1.0637270047032028,-1.0971583992302287,-0.37474324200759335,-0.1734592159286462,0.1917298041639945,0.19517949767882073,0.2632770170995334,-0.23248432561213983,-0.3361420745265457,-0.14616205574271582,-0.2181321246887201,0.19303822760198944,1.6799562237580075,-0.8099487572892023,-0.7598414465346184,-1.000306715658666,-0.5305887595683414,0.11557383209800048,0.5567308674180139,-1.3785921436548496,-0.06916358343327715,0.14576429958658751,1.1927699276448687,-0.42911997859985623,1.3299767051759976,-0.13555218019105153,0.46462353984341737,-0.03590547208698203,1.1091172634030069,-0.3198753663361597,-0.40375668965947303,0.6005997776735975,0.6485783008048482,0.583164639381187,0.6684046873245518,-0.3486915493690055,-0.9934557290266649,0.42809126122102864,-0.004094142930593595,-0.11385390812700145,-0.8073870593569711,-0.21300855310035832,-0.4426103903873651,-0.672861413338137,-0.285066708277627,0.03004406881698574,0.2028871112193999,0.49598846552303044,0.5683589371638724,-0.5287770148621537,-0.5024184509817231,-0.6953427652394076,-0.37036842172845635,-0.06900659238349727,-0.18257289495213164,-0.057808058691763885,-0.001329313584946057,-0.0932917691500957,-0.1057534149046665,-0.13540183535151454,-0.12313497472865181,0.2860503408472164,0.18448482031610489,0.1979685362869719,0.37684336293746173,-0.13085442277343642,0.2963739450810595,0.3832974219633532,-0.45273133573593105,-0.8446321071018575,-0.01648036161407772,-0.13288898613617842,1.1466657554104636,0.22304319993748503,-1.146112493344625,0.9515406132331214,-0.36230648622860895,0.39402883335842553,2.0831709221844883,-0.9757242951705419,0.07909794880312489,0.4302463905891392,-1.1417182558441077,-0.15591757533375106,-0.14602699355260132,-0.06419194063061848,-0.30237172673216667,-0.807766584853108,0.13547042653116975,0.14078028092118283,0.3987087524019623,-0.5688503861465124,0.2886210647195546,-0.4370063231186488,0.15956656585351733,-0.008700480058209207,-1.1885297688637668,-0.18684909838167132,0.9494189042683606,-0.7178145693712623,0.39130822706528495,1.9930171581391225,0.7059612516362131,-0.8909610206039918,0.20534189137359002,-0.5778441659372229,-0.4891592840641725,0.7177473860830461,-0.6566805954695099,-0.25651037849951486,0.4085234067364776,-0.7710031968302862,-0.23434737371537384,-1.030176933804267,-0.7538864560594942,-0.5909455873247902,1.1563579951712368,1.1694419927536641,1.6844394647304064,3.69130529806632,1.5638442776922457,2.4092891762666095,1.7730894017625127,1.3503871009257322,0.5011193811348948,-0.0389628114406686,-0.7424100167134728,-0.5043419049584514,-1.0921661392868418,-0.72825300034143,-0.6481580776386289,-1.1379684472266405,-0.6432352851937644,-1.0706073934865246,2.572998266667379,-0.5837388019216214,-0.6384932662377412,-0.1412982938097973,-0.2823344147099913,-1.3142811502128935,-0.6532697888655066,1.239109947416682,-1.0794070818304466,-0.3558866799291569,1.5416737826026345,-0.08030551399216757,2.1059802237163776,-0.5468112016509945,-1.1636641599062443,0.14092725660049954,1.523638293925691,-0.8287191555417088,-0.814983069744637,0.16918455007160604,-0.7963861538417185,-0.9875565228982692,-0.3256112557227091,-0.6044617278623332,0.7877530059951647,-0.7776454863751212,-1.30506916819804,-1.2169560672304907,0.6304044799143198,-0.755953488206667,-0.8764161734565126,-0.9060261944826298,-1.549754015836731,-1.125713455959614,-0.47321736905714884,-0.809402429140857,-0.6783048365773525,-0.6067221591875822,-0.5726046280678911,-0.23182116850470935,-0.43715177441502995,-0.549333142252888,-0.9618349830357187,-1.6658931569845774,-1.7513629339835102,-1.847110861321372,-1.8440928432381103,-1.6515069091454924,-1.5586343936448632,-1.334739565453365,-1.7745435171280763,-1.7223177102094305,-1.45970343828219,-1.656860555871543,-1.4688823036097547,-0.49965073558203077,-0.1700973361574647,-0.07696351271011892,0.3330249381592014,-0.7027796850326835,1.969600771159798,1.5288398329559758,1.0106271727195386,0.20646325178990965,-0.6647025019460564,-0.12279432642415955,4.543567172583071,1.0663387377132159,-0.6263042557649556,-0.29757928477046036,0.5622215363194014,-0.9771243661464339,1.9412416694137509,-0.2582709828388472,1.3023267902124473,0.3749841657133066,-0.8950791084311915,-1.214519556586445,1.352690425673007,-0.03413026371055361,-0.7710204394677018,-1.3198893981147968,-0.0987833215787135,-1.161883787054504,2.2336038098063344,0.17419246586197623,0.933714318405376,-0.4783516430000665,-0.9708163477007581,3.868263079714117,5.610353824983342,3.4415282724547946,-0.12665946820153495,3.0891181709275184,4.049097952886958,AVPEPUDEA0061_luisa.wav
